location	LR	alpha
257.000000	0.283025	2.274105e+02
25567.352352	0.347421	1.220506e-03
50877.704705	0.008922	3.457709e-03
76188.057057	0.000000	1.261906e-02
101498.409409	0.348505	1.414524e-03
126808.761762	0.013442	2.920982e-03
152119.114114	0.724685	5.422227e-04
177429.466466	0.546503	9.252284e-03
202739.818819	0.000000	9.112873e-03
228050.171171	0.232263	3.381612e-05
253360.523524	0.000000	3.752905e-03
278670.875876	0.044392	4.405700e-05
303981.228228	0.724559	3.581296e-04
329291.580581	0.329961	4.624274e-03
354601.932933	0.569737	5.010659e-04
379912.285285	5.194571	3.149389e-04
405222.637638	0.000000	1.219063e-02
430532.989990	0.320541	8.367102e-04
455843.342342	0.218820	3.808182e-04
481153.694695	0.004154	1.739712e-03
506464.047047	0.277864	5.082548e-04
531774.399399	2.068626	1.632366e-04
557084.751752	0.790704	2.850614e-04
582395.104104	0.000000	1.413496e-01
607705.456456	0.000000	4.693999e-03
633015.808809	0.000000	1.528291e-02
658326.161161	0.526010	6.829447e-05
683636.513514	0.249386	2.407414e-04
708946.865866	0.592151	6.138362e-04
734257.218218	0.000000	8.201101e-03
759567.570571	0.137945	1.363102e-03
784877.922923	0.000000	1.293211e-02
810188.275275	0.288163	5.509878e-04
835498.627628	0.035977	1.014500e-04
860808.979980	0.000236	8.366309e-04
886119.332332	0.000000	3.600109e-01
911429.684685	0.227718	6.132093e-05
936740.037037	0.673530	4.782093e-04
962050.389389	1.681178	1.085618e-04
987360.741742	0.017610	2.927711e-03
1012671.094094	0.000000	3.679920e-02
1037981.446446	0.015389	4.387662e-03
1063291.798799	0.000000	1.304178e+00
1088602.151151	0.440115	1.180851e-03
1113912.503504	0.493051	2.282076e-04
1139222.855856	0.000000	2.187552e-01
1164533.208208	1.216863	8.730672e-04
1189843.560561	0.071766	1.970501e-03
1215153.912913	0.000000	7.225128e-02
1240464.265265	0.411731	7.938939e-05
1265774.617618	0.000000	1.797436e-02
1291084.969970	0.038343	2.488219e-04
1316395.322322	0.886224	1.072566e-03
1341705.674675	0.015801	5.473813e-03
1367016.027027	0.000000	1.088236e+00
1392326.379379	0.115650	1.222535e-03
1417636.731732	0.000000	2.618554e-02
1442947.084084	0.000000	1.272421e-02
1468257.436436	0.345702	1.043462e-02
1493567.788789	0.623549	9.037971e-04
1518878.141141	0.407197	5.670809e-04
1544188.493493	0.186920	4.549409e-03
1569498.845846	0.041097	5.176587e-03
1594809.198198	0.000000	5.903184e-03
1620119.550551	0.776876	1.165603e-03
1645429.902903	0.020075	2.693131e-03
1670740.255255	0.511385	1.753027e-04
1696050.607608	1.813030	3.648139e-04
1721360.959960	1.584104	2.395053e-03
1746671.312312	0.661592	1.910261e-02
1771981.664665	0.000000	3.330232e-02
1797292.017017	1.723165	7.012268e-05
1822602.369369	0.000000	6.911223e-02
1847912.721722	0.186924	2.863168e-02
1873223.074074	0.320355	3.569636e-03
1898533.426426	0.672700	2.676956e-03
1923843.778779	1.400802	2.574734e-04
1949154.131131	2.140610	6.674923e-05
1974464.483483	0.451028	1.526643e-04
1999774.835836	0.000000	1.095726e-02
2025085.188188	0.015467	1.935315e-02
2050395.540541	0.000000	4.204546e-01
2075705.892893	0.704667	1.137980e-04
2101016.245245	0.229454	8.716512e-04
2126326.597598	0.426467	2.741896e-04
2151636.949950	0.577170	2.198822e-04
2176947.302302	0.023766	1.766138e-03
2202257.654655	0.000000	1.353402e-02
2227568.007007	0.000000	1.124641e-02
2252878.359359	3.583407	8.301914e-05
2278188.711712	1.398533	2.312567e-04
2303499.064064	0.117726	3.864394e-03
2328809.416416	0.207285	4.246921e-04
2354119.768769	7.274879	5.354359e-05
2379430.121121	0.012974	2.916863e-03
2404740.473473	0.323415	2.055280e-03
2430050.825826	0.000000	2.075500e-02
2455361.178178	0.296119	8.466099e-04
2480671.530531	0.082386	1.646284e-04
2505981.882883	0.410829	8.059682e-04
2531292.235235	0.583464	3.800308e-04
2556602.587588	0.083334	2.211792e-03
2581912.939940	1.208967	1.833585e-04
2607223.292292	0.125349	1.123884e-02
2632533.644645	0.399253	4.134251e-04
2657843.996997	3.216165	2.311564e-04
2683154.349349	0.099987	2.758622e-03
2708464.701702	1.586699	2.892942e-04
2733775.054054	0.000000	6.075784e-03
2759085.406406	0.660218	2.608280e-04
2784395.758759	1.154207	6.429038e-04
2809706.111111	0.000000	1.251449e-01
2835016.463463	1.006365	9.566573e-04
2860326.815816	3.496005	1.031264e-04
2885637.168168	0.787013	1.208990e-04
2910947.520521	0.016359	1.076010e-02
2936257.872873	0.199165	1.313691e-03
2961568.225225	0.100333	3.607728e-03
2986878.577578	0.681387	1.569314e-04
3012188.929930	0.013624	6.691096e-03
3037499.282282	1.142772	1.603164e-04
3062809.634635	0.016359	3.358882e-02
3088119.986987	0.809535	1.254147e-03
3113430.339339	0.467637	3.251122e-04
3138740.691692	0.016359	3.399269e-02
3164051.044044	0.000000	1.339891e+00
3189361.396396	0.257449	5.925654e-05
3214671.748749	1.640863	1.018539e-03
3239982.101101	0.428345	5.464993e-02
3265292.453453	0.000000	3.366499e-02
3290602.805806	0.007330	6.613938e-03
3315913.158158	0.083002	2.066907e-04
3341223.510511	0.000000	9.177747e-03
3366533.862863	0.803995	3.002444e-04
3391844.215215	0.738363	2.046069e-04
3417154.567568	0.000000	7.997697e-03
3442464.919920	0.079190	1.471963e-03
3467775.272272	0.016359	4.099225e-03
3493085.624625	0.000000	5.697340e-02
3518395.976977	1.183717	1.528890e-04
3543706.329329	0.238733	1.015579e-04
3569016.681682	0.000000	4.955978e-03
3594327.034034	0.051083	2.463956e-02
3619637.386386	0.000000	1.760528e-02
3644947.738739	0.135492	1.118997e-03
3670258.091091	0.156738	6.433287e-04
3695568.443443	0.802167	1.425116e-03
3720878.795796	0.190456	5.668962e-05
3746189.148148	0.000000	1.369632e-02
3771499.500501	0.089801	2.369281e-03
3796809.852853	0.114040	4.660549e-04
3822120.205205	0.074579	7.078726e-04
3847430.557558	0.182142	6.733167e-04
3872740.909910	1.116304	1.608800e-04
3898051.262262	1.331206	8.205101e-04
3923361.614615	0.374367	1.444022e-02
3948671.966967	0.680659	9.412389e-04
3973982.319319	0.226411	1.050527e-03
3999292.671672	0.365366	5.777972e-04
4024603.024024	0.000000	1.171848e+01
4049913.376376	2.743776	1.776349e-04
4075223.728729	0.211334	5.079120e-03
4100534.081081	11.373955	2.600382e-05
4125844.433433	4.740754	6.639761e-05
4151154.785786	1.015892	2.417112e-04
4176465.138138	4.373018	4.787777e-05
4201775.490490	1.451768	1.176408e-04
4227085.842843	0.000000	6.510568e-03
4252396.195195	0.100074	1.255415e-02
4277706.547548	0.083484	1.906746e-03
4303016.899900	0.320235	5.756061e-04
4328327.252252	0.133961	2.757315e-02
4353637.604605	1.030042	2.982136e-04
4378947.956957	3.384087	1.191343e-04
4404258.309309	0.000000	6.616344e-03
4429568.661662	2.394839	3.962155e-05
4454879.014014	7.282894	1.371505e-04
4480189.366366	0.196592	2.277021e-03
4505499.718719	0.352087	5.567519e-04
4530810.071071	1.803703	9.364767e-04
4556120.423423	0.313086	4.128385e-03
4581430.775776	0.498564	6.472742e-03
4606741.128128	2.192535	1.674131e-04
4632051.480480	0.329714	1.737714e-04
4657361.832833	1.338303	3.564480e-05
4682672.185185	1.523554	1.188833e-04
4707982.537538	1.505260	5.458484e-04
4733292.889890	1.373647	2.656880e-03
4758603.242242	0.064890	6.113551e-04
4783913.594595	0.062309	5.399203e-03
4809223.946947	0.319649	2.692203e-04
4834534.299299	1.432225	8.636870e-04
4859844.651652	0.527204	4.198876e-03
4885155.004004	0.823090	3.180477e-04
4910465.356356	0.042203	1.017737e-02
4935775.708709	0.149985	2.221931e-02
4961086.061061	0.186414	7.774151e-03
4986396.413413	0.133961	7.399731e-01
5011706.765766	1.550493	1.161566e-02
5037017.118118	1.631616	3.677827e-04
5062327.470470	0.794413	2.070139e-01
5087637.822823	1.542626	7.957403e-03
5112948.175175	0.149037	1.088829e-03
5138258.527528	1.901250	5.678612e-04
5163568.879880	0.231788	1.052228e-02
5188879.232232	0.052063	5.867678e-02
5214189.584585	1.175572	3.449765e-03
5239499.936937	0.179309	5.678261e-04
5264810.289289	1.089989	9.018314e-03
5290120.641642	1.872515	6.677455e-04
5315430.993994	3.436163	1.806193e-04
5340741.346346	2.633826	4.811809e-04
5366051.698699	0.361515	2.953424e-02
5391362.051051	2.576166	1.728554e-04
5416672.403403	0.772169	3.729995e-04
5441982.755756	0.898977	5.252136e-05
5467293.108108	0.635684	9.918945e-04
5492603.460460	1.368364	1.836932e-04
5517913.812813	1.382334	2.235378e-04
5543224.165165	1.852670	3.762999e-01
5568534.517518	2.830757	3.520089e-05
5593844.869870	0.455343	1.298094e-04
5619155.222222	0.618351	1.724424e-02
5644465.574575	0.052044	1.084286e-02
5669775.926927	0.940470	3.123652e-04
5695086.279279	0.000000	4.566335e-01
5720396.631632	2.536181	2.605268e-03
5745706.983984	0.000000	1.035361e-02
5771017.336336	0.191493	1.241159e-03
5796327.688689	0.000000	5.947400e-03
5821638.041041	0.000000	1.098860e-02
5846948.393393	0.000000	6.689210e-02
5872258.745746	6.832719	7.630343e-05
5897569.098098	7.199977	2.479494e-05
5922879.450450	1.499660	4.833811e-04
5948189.802803	0.353288	1.498290e-03
5973500.155155	0.016359	3.007331e-03
5998810.507508	0.000000	4.407726e-03
6024120.859860	0.000000	5.878316e-02
6049431.212212	0.000000	2.782853e-02
6074741.564565	1.077909	1.372510e-04
6100051.916917	2.039990	8.817795e-05
6125362.269269	0.011476	1.816115e-03
6150672.621622	0.034151	1.261864e-03
6175982.973974	1.714389	2.251220e-04
6201293.326326	0.000000	5.040590e-03
6226603.678679	0.000000	1.331379e-02
6251914.031031	0.578609	2.084789e-04
6277224.383383	0.000000	2.936738e-02
6302534.735736	0.000000	4.851282e-01
6327845.088088	0.000000	2.443041e+00
6353155.440440	0.000000	9.645962e-01
6378465.792793	0.000000	8.403788e-02
6403776.145145	0.056575	2.610544e-02
6429086.497497	0.365770	6.797762e-03
6454396.849850	0.320345	1.911943e-02
6479707.202202	0.090467	4.052574e-03
6505017.554555	0.011035	1.322215e-03
6530327.906907	0.007751	1.416747e-02
6555638.259259	0.000000	5.519593e-01
6580948.611612	0.000000	2.932830e-03
6606258.963964	0.176380	5.211745e-03
6631569.316316	0.000000	6.654972e-02
6656879.668669	4.923030	1.132452e-05
6682190.021021	0.278873	3.357249e-05
6707500.373373	0.000000	4.712783e-02
6732810.725726	0.000000	2.416299e-03
6758121.078078	0.002610	3.685580e-03
6783431.430430	2.417514	2.168288e-04
6808741.782783	0.071908	3.970040e-04
6834052.135135	0.000000	4.070371e-03
6859362.487487	0.000000	1.316493e-02
6884672.839840	0.000000	1.753975e-02
6909983.192192	0.000000	4.746690e-02
6935293.544545	0.000000	1.573679e-02
6960603.896897	0.000000	8.113763e-02
6985914.249249	0.000000	1.209078e-01
7011224.601602	0.032759	1.776823e-03
7036534.953954	0.011116	1.520825e-03
7061845.306306	0.329458	3.325558e-04
7087155.658659	0.000000	5.232377e-02
7112466.011011	0.000000	9.516342e-03
7137776.363363	0.000000	7.333323e-02
7163086.715716	0.748695	1.275538e-03
7188397.068068	1.543928	1.205599e-04
7213707.420420	0.185212	6.979331e-04
7239017.772773	0.025899	4.825334e-04
7264328.125125	0.000000	4.769239e-03
7289638.477477	0.000000	4.061224e-02
7314948.829830	0.000000	1.332105e-02
7340259.182182	0.186924	6.852259e-03
7365569.534535	0.000000	1.469750e-02
7390879.886887	0.000000	1.812379e-02
7416190.239239	0.052044	3.391776e-02
7441500.591592	0.886785	5.035568e-05
7466810.943944	1.518641	1.204959e-04
7492121.296296	0.000000	5.316706e-02
7517431.648649	0.097384	3.228854e-04
7542742.001001	0.000000	3.269764e-02
7568052.353353	0.000000	1.002953e-01
7593362.705706	0.306222	1.659730e-04
7618673.058058	0.000000	2.891971e-02
7643983.410410	0.000000	1.040393e-02
7669293.762763	0.033995	7.965708e-04
7694604.115115	0.000000	4.165003e-02
7719914.467467	0.000000	4.513879e-03
7745224.819820	0.276568	8.931560e-04
7770535.172172	0.000000	2.165393e-02
7795845.524525	0.000000	4.546273e-03
7821155.876877	1.280462	6.656651e-05
7846466.229229	0.000000	1.090682e-02
7871776.581582	0.646727	2.991568e-04
7897086.933934	0.131200	5.346573e-04
7922397.286286	0.022658	3.610515e-03
7947707.638639	2.251089	1.693925e-04
7973017.990991	0.210486	2.721087e-05
7998328.343343	0.500352	1.912170e-03
8023638.695696	0.802167	6.046459e-03
8048949.048048	0.257168	3.199565e-03
8074259.400400	0.262177	1.926375e-04
8099569.752753	0.332524	1.877214e-04
8124880.105105	0.029674	6.971819e-05
8150190.457457	0.000000	1.255831e-02
8175500.809810	1.003779	2.487033e-04
8200811.162162	0.000000	5.495050e-01
8226121.514515	0.059770	4.495500e-04
8251431.866867	0.000000	1.244642e-02
8276742.219219	0.000000	2.353954e-02
8302052.571572	0.474390	1.018029e-04
8327362.923924	1.067017	2.057409e-04
8352673.276276	1.049038	6.215166e-05
8377983.628629	0.000000	2.676353e-02
8403293.980981	0.044522	5.178839e-04
8428604.333333	0.000000	1.637853e-02
8453914.685686	0.000000	5.630020e-01
8479225.038038	0.412122	9.203839e-04
8504535.390390	0.000000	1.313048e-01
8529845.742743	2.536987	4.109647e-04
8555156.095095	0.518481	6.641751e-05
8580466.447447	0.125350	3.765412e-04
8605776.799800	0.000000	1.960144e-02
8631087.152152	0.000000	1.215618e-02
8656397.504505	0.016358	1.539884e-02
8681707.856857	0.000000	2.700184e-03
8707018.209209	0.000000	2.620615e-01
8732328.561562	0.000000	2.767773e-02
8757638.913914	0.000000	3.604536e-02
8782949.266266	0.046845	6.002477e-04
8808259.618619	0.019292	1.547514e-03
8833569.970971	0.000000	6.085105e-03
8858880.323323	0.000000	1.190858e-02
8884190.675676	0.016991	7.975797e-04
8909501.028028	0.859169	2.003102e-03
8934811.380380	0.000000	3.405411e-02
8960121.732733	0.000000	3.197722e-02
8985432.085085	0.193785	3.319931e-04
9010742.437437	0.000000	2.121545e-01
9036052.789790	0.000000	4.243436e-02
9061363.142142	0.000000	1.734461e-02
9086673.494494	0.000000	3.852397e-02
9111983.846847	0.000000	2.877592e-03
9137294.199199	0.000000	1.602562e-02
9162604.551552	0.027118	4.202765e-03
9187914.903904	0.004338	1.365529e-03
9213225.256256	0.068365	2.189517e-04
9238535.608609	0.000000	2.155914e-02
9263845.960961	0.000000	8.135380e-03
9289156.313313	0.000000	3.820821e-03
9314466.665666	0.267213	9.925806e-04
9339777.018018	0.000000	9.525175e-02
9365087.370370	0.103709	1.639460e-04
9390397.722723	0.298751	5.967768e-03
9415708.075075	0.000000	2.765456e-02
9441018.427427	0.052044	8.700147e-03
9466328.779780	0.000000	1.184858e-02
9491639.132132	0.000000	4.961387e-02
9516949.484484	0.957622	8.486658e-05
9542259.836837	0.000000	7.308889e-03
9567570.189189	0.067166	2.138329e-03
9592880.541542	1.059839	6.210464e-05
9618190.893894	0.368597	1.002132e-03
9643501.246246	0.000000	1.580515e-02
9668811.598599	0.703871	1.070861e-03
9694121.950951	0.284141	3.032840e-04
9719432.303303	0.000000	1.348775e-02
9744742.655656	1.235163	4.729789e-04
9770053.008008	0.016359	1.005296e-02
9795363.360360	0.255390	3.162719e-04
9820673.712713	0.000000	9.024507e-03
9845984.065065	0.015820	1.215095e-02
9871294.417417	1.531760	5.774970e-03
9896604.769770	0.186924	9.504530e-03
9921915.122122	2.486026	5.678116e-04
9947225.474474	0.000000	1.663143e-02
9972535.826827	0.176211	7.238052e-04
9997846.179179	2.364713	1.615615e-03
10023156.531532	0.082159	6.460954e-03
10048466.883884	0.075512	4.114582e-04
10073777.236236	0.000000	4.073647e-03
10099087.588589	0.000530	6.635969e-04
10124397.940941	3.083310	2.803272e-04
10149708.293293	0.000000	7.834399e-03
10175018.645646	0.159686	9.269250e-04
10200328.997998	1.635707	2.249592e-04
10225639.350350	0.052044	3.709274e-02
10250949.702703	0.016337	7.448733e-04
10276260.055055	0.000000	4.527363e-02
10301570.407407	0.000000	2.291858e-02
10326880.759760	0.000000	7.873892e-01
10352191.112112	0.000000	2.394674e-02
10377501.464464	0.072103	5.375309e-03
10402811.816817	0.000000	6.861784e-03
10428122.169169	0.289603	9.709546e-04
10453432.521522	0.017958	6.799337e-04
10478742.873874	0.545106	8.724094e-05
10504053.226226	1.370053	4.091941e-05
10529363.578579	1.228085	1.431160e-03
10554673.930931	0.850004	2.234416e-04
10579984.283283	0.476857	9.757483e-05
10605294.635636	0.000000	3.444669e-02
10630604.987988	0.506714	2.574447e-05
10655915.340340	0.465944	7.822361e-05
10681225.692693	0.032901	1.250595e-03
10706536.045045	0.000000	1.617153e-02
10731846.397397	0.000000	3.632399e-03
10757156.749750	0.052044	7.350643e-03
10782467.102102	0.099701	2.826558e-03
10807777.454454	0.066478	2.062712e-03
10833087.806807	0.058250	1.766537e-03
10858398.159159	0.000000	2.300651e-01
10883708.511512	0.000000	4.320451e-03
10909018.863864	0.078295	1.851036e-03
10934329.216216	0.526329	3.714737e-04
10959639.568569	0.214706	6.096344e-05
10984949.920921	0.000000	4.856746e-02
11010260.273273	1.429272	7.279962e-05
11035570.625626	0.000000	2.982298e-02
11060880.977978	0.000000	1.224765e-01
11086191.330330	0.000000	1.773321e-01
11111501.682683	0.342192	6.281488e-04
11136812.035035	0.058097	6.981985e-04
11162122.387387	1.332273	3.702548e-03
11187432.739740	1.006486	5.300622e-04
11212743.092092	2.463061	3.643485e-05
11238053.444444	1.094321	4.919281e-05
11263363.796797	0.000000	8.264281e-02
11288674.149149	0.904867	1.549229e-04
11313984.501502	1.246280	5.663286e-05
11339294.853854	0.006944	1.331372e-03
11364605.206206	1.144262	8.786867e-04
11389915.558559	0.304661	4.335003e-04
11415225.910911	0.031381	3.948145e-04
11440536.263263	0.000000	1.828535e-02
11465846.615616	1.365907	2.816733e-05
11491156.967968	1.490669	1.242129e-04
11516467.320320	0.077711	1.615203e-04
11541777.672673	0.015899	1.027798e-04
11567088.025025	0.000000	3.750294e-02
11592398.377377	0.000000	7.938491e-03
11617708.729730	0.101118	2.863681e-03
11643019.082082	0.052201	9.351761e-04
11668329.434434	0.133961	1.090182e+00
11693639.786787	0.684643	7.623737e-05
11718950.139139	0.314394	1.709047e-04
11744260.491491	0.045260	1.069389e-04
11769570.843844	0.000000	7.619804e-03
11794881.196196	0.000000	9.692756e-02
11820191.548549	0.721489	2.319613e-04
11845501.900901	0.128030	9.286022e-05
11870812.253253	0.144434	6.024978e-04
11896122.605606	0.075280	8.849886e-05
11921432.957958	0.034207	5.379403e-04
11946743.310310	0.000000	2.795181e-02
11972053.662663	1.865525	2.106323e-04
11997364.015015	0.047671	1.148979e-03
12022674.367367	0.110374	2.685167e-05
12047984.719720	0.000000	4.318536e-03
12073295.072072	0.372218	7.403176e-05
12098605.424424	0.637282	8.299436e-04
12123915.776777	0.000000	2.188890e-02
12149226.129129	0.230546	8.054144e-04
12174536.481481	0.131310	6.808766e-05
12199846.833834	1.259627	6.149326e-05
12225157.186186	1.858288	1.263941e-04
12250467.538539	0.310613	5.799741e-04
12275777.890891	1.943507	2.532068e-05
12301088.243243	0.052044	6.562604e-03
12326398.595596	1.145170	1.578888e-04
12351708.947948	1.027775	1.294300e-04
12377019.300300	0.133961	5.038883e-03
12402329.652653	0.937062	9.135401e-05
12427640.005005	0.430057	1.797014e-04
12452950.357357	0.586817	3.547902e-05
12478260.709710	2.302573	6.571126e-04
12503571.062062	0.866425	2.619427e-03
12528881.414414	0.237816	1.469007e-03
12554191.766767	1.192432	6.020077e-05
12579502.119119	1.641380	5.015769e-05
12604812.471471	0.722628	5.036936e-04
12630122.823824	0.127728	1.690837e-03
12655433.176176	0.000000	1.923620e-02
12680743.528529	0.015715	3.545224e-03
12706053.880881	0.262099	5.897922e-04
12731364.233233	0.037271	6.174157e-03
12756674.585586	2.437373	2.645302e-05
12781984.937938	1.455128	1.447751e-04
12807295.290290	0.071881	1.204658e-04
12832605.642643	0.384764	4.052616e-04
12857915.994995	1.201846	7.143111e-04
12883226.347347	0.530323	2.562586e-04
12908536.699700	0.000000	2.771344e-01
12933847.052052	2.647899	5.203091e-05
12959157.404404	0.000000	4.525904e-03
12984467.756757	0.013573	2.461482e-04
13009778.109109	0.000000	2.147110e-02
13035088.461461	0.000000	1.340205e-01
13060398.813814	0.000000	6.826662e-03
13085709.166166	0.129828	5.740313e-04
13111019.518519	0.026859	6.555937e-04
13136329.870871	0.000000	2.165561e-02
13161640.223223	0.000000	3.048179e-03
13186950.575576	0.000000	3.521722e-03
13212260.927928	0.000000	1.175640e-01
13237571.280280	0.000000	2.553344e-03
13262881.632633	0.006029	3.248895e-03
13288191.984985	0.000953	1.368038e-03
13313502.337337	0.000000	1.852817e-02
13338812.689690	0.000000	2.163372e-02
13364123.042042	0.441125	3.228219e-04
13389433.394394	0.207807	6.291122e-03
13414743.746747	0.078310	3.292019e-04
13440054.099099	1.094516	3.098377e-04
13465364.451451	0.281968	6.755717e-04
13490674.803804	0.000000	3.759167e-03
13515985.156156	0.000000	2.140623e-03
13541295.508509	0.000000	5.228952e-02
13566605.860861	0.750813	6.599925e-04
13591916.213213	0.016355	1.948806e-03
13617226.565566	0.000000	3.685895e-02
13642536.917918	0.000000	7.951344e-02
13667847.270270	0.000000	1.070215e-02
13693157.622623	0.000000	4.008319e-02
13718467.974975	0.100914	6.892635e-04
13743778.327327	0.000000	2.089401e-02
13769088.679680	0.000000	2.946085e-02
13794399.032032	1.116155	9.790584e-05
13819709.384384	0.233978	1.674430e-04
13845019.736737	0.000000	8.435067e-02
13870330.089089	0.295936	4.220235e-05
13895640.441441	0.000000	3.026035e-02
13920950.793794	2.392307	2.570927e-04
13946261.146146	0.206115	6.941277e-05
13971571.498498	0.002296	1.430971e-01
13996881.850851	0.305223	1.282735e-03
14022192.203203	0.000000	2.276163e-02
14047502.555556	0.000000	4.246953e-02
14072812.907908	0.280786	2.121905e-03
14098123.260260	6.822333	2.907785e-05
14123433.612613	0.000000	2.166559e-01
14148743.964965	4.574768	4.009755e-05
14174054.317317	0.640479	1.363199e-04
14199364.669670	1.429300	4.992456e-04
14224675.022022	0.162914	1.014891e-03
14249985.374374	0.000000	2.125303e-02
14275295.726727	0.000000	3.830521e-02
14300606.079079	0.230672	2.182792e-04
14325916.431431	0.000000	5.753506e-02
14351226.783784	0.000000	1.785140e-02
14376537.136136	0.000000	5.377883e-02
14401847.488488	0.007706	8.577892e-04
14427157.840841	0.000000	4.115346e-01
14452468.193193	0.000000	5.923567e-03
14477778.545546	1.728701	9.839463e-04
14503088.897898	0.051351	5.706040e-04
14528399.250250	0.000000	1.027618e-02
14553709.602603	0.016249	6.133190e-03
14579019.954955	0.000000	6.683392e-01
14604330.307307	0.000000	1.453326e-02
14629640.659660	0.297905	3.213489e-01
14654951.012012	0.045529	2.940867e-03
14680261.364364	0.000000	5.206898e-03
14705571.716717	0.000000	7.612846e-03
14730882.069069	0.000000	9.280075e-01
14756192.421421	0.059698	2.847448e-04
14781502.773774	0.000000	4.987063e-03
14806813.126126	0.610578	5.746217e-05
14832123.478478	1.054004	1.984920e-04
14857433.830831	1.251032	1.032870e-04
14882744.183183	0.323761	3.630286e-03
14908054.535536	0.176861	1.889354e-04
14933364.887888	0.195437	7.320773e-04
14958675.240240	0.000000	6.072949e-01
14983985.592593	0.271924	5.906632e-04
15009295.944945	0.616160	2.281866e-04
15034606.297297	0.000000	1.641879e-03
15059916.649650	0.000000	3.864299e-03
15085227.002002	0.100086	1.219144e-02
15110537.354354	0.000000	6.922238e-02
15135847.706707	0.000000	5.085379e-03
15161158.059059	0.000000	3.418229e-02
15186468.411411	2.027318	7.271806e-04
15211778.763764	0.018871	4.115272e-04
15237089.116116	0.368203	9.181476e-04
15262399.468468	0.000000	1.070981e-02
15287709.820821	1.021764	1.744403e-04
15313020.173173	0.617656	8.106871e-05
15338330.525526	0.309686	2.097279e-04
15363640.877878	0.000000	5.424435e-01
15388951.230230	0.876338	3.883427e-05
15414261.582583	0.007411	6.815473e-04
15439571.934935	0.000000	3.343225e-02
15464882.287287	0.000000	3.862089e-02
15490192.639640	0.079778	5.449757e-04
15515502.991992	1.393298	2.403815e-05
15540813.344344	0.079002	2.109636e-04
15566123.696697	0.022343	4.803998e-04
15591434.049049	0.000000	3.871581e-02
15616744.401401	0.009290	1.331453e-03
15642054.753754	0.184902	7.829225e-04
15667365.106106	0.000000	6.803132e-03
15692675.458458	1.199005	2.047009e-04
15717985.810811	0.026062	3.399167e-04
15743296.163163	0.570194	8.727313e-05
15768606.515516	0.472748	9.146196e-05
15793916.867868	0.000000	8.175123e-03
15819227.220220	0.000000	3.223899e-02
15844537.572573	0.011812	1.022548e-03
15869847.924925	0.000000	1.305413e-01
15895158.277277	0.000000	1.156931e-01
15920468.629630	0.000000	2.331774e-02
15945778.981982	0.992296	8.813774e-05
15971089.334334	0.374245	8.079731e-03
15996399.686687	1.728870	8.637028e-05
16021710.039039	0.000000	1.790002e-01
16047020.391391	0.000000	2.782034e-03
16072330.743744	0.000000	5.167390e-03
16097641.096096	0.000000	7.787351e-02
16122951.448448	0.109093	8.276081e-04
16148261.800801	0.262105	3.506606e-04
16173572.153153	0.036691	2.643607e-04
16198882.505506	0.000000	2.435310e-03
16224192.857858	0.000000	1.131924e-02
16249503.210210	0.120614	5.770226e-04
16274813.562563	0.000000	4.248729e-02
16300123.914915	0.205118	1.256857e-03
16325434.267267	0.000000	4.699005e-03
16350744.619620	0.000000	9.095179e-03
16376054.971972	0.000000	4.799463e-02
16401365.324324	0.000000	9.679954e-03
16426675.676677	0.000000	1.795514e-03
16451986.029029	0.000000	6.702825e-02
16477296.381381	0.000000	1.412793e-02
16502606.733734	0.000000	2.050349e-02
16527917.086086	0.001518	1.391885e-02
16553227.438438	0.003128	4.234368e-03
16578537.790791	0.000000	7.905619e-02
16603848.143143	0.173718	1.081706e-03
16629158.495495	0.127957	2.157828e-04
16654468.847848	0.084021	1.592339e-03
16679779.200200	0.000766	2.440804e-03
16705089.552553	0.114849	1.419114e-02
16730399.904905	0.092653	1.084358e-03
16755710.257257	0.000000	1.346236e-03
16781020.609610	0.634470	1.597740e-04
16806330.961962	0.001642	1.658300e-02
16831641.314314	0.023623	2.525459e-03
16856951.666667	0.000000	5.521474e-02
16882262.019019	0.000000	2.376328e-02
16907572.371371	0.000000	3.047901e-01
16932882.723724	0.000000	2.635763e-02
16958193.076076	0.026884	7.187254e-04
16983503.428428	0.046411	4.721992e-02
17008813.780781	4.561927	5.913099e-05
17034124.133133	0.000000	2.496291e-03
17059434.485485	0.000000	2.554542e-03
17084744.837838	0.000000	8.008659e-02
17110055.190190	0.000000	7.961837e-03
17135365.542543	0.000000	3.113443e-01
17160675.894895	1.831205	7.681566e-04
17185986.247247	0.000000	1.301868e-02
17211296.599600	0.442981	3.618606e-05
17236606.951952	0.709928	1.323431e-03
17261917.304304	0.061664	9.971153e-04
17287227.656657	1.123958	9.285673e-05
17312538.009009	0.162056	8.693989e-04
17337848.361361	0.000000	1.031270e-01
17363158.713714	0.000000	1.913048e-03
17388469.066066	0.000000	8.118718e-03
17413779.418418	0.000000	8.782083e-03
17439089.770771	0.000000	1.390129e-02
17464400.123123	0.017751	1.032790e-03
17489710.475475	2.787108	8.877604e-05
17515020.827828	0.855203	5.158760e-05
17540331.180180	0.801091	1.007837e-05
17565641.532533	0.115676	1.445648e-05
17590951.884885	1.216151	2.518658e-05
17616262.237237	1.742023	8.349144e-04
17641572.589590	1.150580	7.427841e-04
17666882.941942	0.561894	3.434490e-05
17692193.294294	0.150629	2.025193e-05
17717503.646647	0.023430	3.769572e-03
17742813.998999	0.000000	1.277954e-02
17768124.351351	0.222584	1.233640e-04
17793434.703704	0.556763	3.094757e-04
17818745.056056	0.016359	5.229263e-03
17844055.408408	0.178367	3.622914e-04
17869365.760761	0.050853	7.581527e-04
17894676.113113	0.075319	1.821638e-03
17919986.465465	0.000000	3.482961e-02
17945296.817818	0.022434	3.530043e-02
17970607.170170	0.232287	5.933676e-03
17995917.522523	0.000000	2.011811e-02
18021227.874875	0.021875	1.522318e-01
18046538.227227	1.801866	1.889591e-04
18071848.579580	0.000000	1.417469e-02
18097158.931932	0.248979	2.294597e-04
18122469.284284	0.000000	1.195558e-02
18147779.636637	0.000000	2.081034e-02
18173089.988989	0.000000	1.790751e-01
18198400.341341	0.000000	3.082129e-02
18223710.693694	0.000000	4.969575e-03
18249021.046046	0.321855	3.129405e-04
18274331.398398	0.302966	2.395934e-04
18299641.750751	0.044587	1.201969e-04
18324952.103103	0.608200	5.791900e-05
18350262.455455	0.024377	2.267368e-04
18375572.807808	0.000000	5.258726e-02
18400883.160160	0.000000	6.388421e-02
18426193.512513	0.000000	6.469440e-02
18451503.864865	0.000000	3.383966e-03
18476814.217217	1.972503	1.751426e-04
18502124.569570	1.728523	1.157038e-04
18527434.921922	0.016359	8.347094e-02
18552745.274274	0.000000	1.157490e-02
18578055.626627	3.280688	3.754941e-04
18603365.978979	2.219223	4.795551e-04
18628676.331331	1.255985	4.579411e-05
18653986.683684	1.361265	1.076468e-04
18679297.036036	0.815288	1.748518e-03
18704607.388388	0.000000	4.717702e-03
18729917.740741	0.624672	1.152344e-04
18755228.093093	0.481828	6.527978e-05
18780538.445445	1.411144	6.324202e-04
18805848.797798	0.738896	5.635436e-04
18831159.150150	0.000000	2.791673e-02
18856469.502503	0.703126	7.452349e-04
18881779.854855	0.000000	2.005732e-03
18907090.207207	0.000000	9.575432e-03
18932400.559560	0.000000	5.164755e-03
18957710.911912	0.000000	1.213201e-01
18983021.264264	0.002320	6.815055e-03
19008331.616617	0.832891	5.147128e-04
19033641.968969	0.000000	2.124010e-02
19058952.321321	0.091151	3.741516e-04
19084262.673674	0.000000	4.675198e-02
19109573.026026	0.000000	8.670359e-03
19134883.378378	0.000000	3.537088e-03
19160193.730731	0.000000	7.287168e-03
19185504.083083	0.116424	1.433054e-02
19210814.435435	0.000000	2.402093e-02
19236124.787788	0.000000	8.732276e-03
19261435.140140	0.000000	2.722237e-03
19286745.492492	0.000000	3.088744e-02
19312055.844845	0.189735	1.250908e-03
19337366.197197	0.000000	3.976107e-02
19362676.549550	0.037360	1.349366e-04
19387986.901902	0.190425	9.659750e-04
19413297.254254	0.000000	4.120113e-02
19438607.606607	0.435723	4.348424e-05
19463917.958959	0.098087	3.091842e-05
19489228.311311	0.005053	1.955023e-04
19514538.663664	0.016359	1.203116e-02
19539849.016016	0.100086	5.046308e-02
19565159.368368	0.001321	7.827662e-04
19590469.720721	0.000000	1.513637e-01
19615780.073073	0.000000	6.706649e-02
19641090.425425	0.186924	3.341195e-03
19666400.777778	0.044974	4.174590e-05
19691711.130130	4.574374	5.535579e-06
19717021.482482	16.199548	7.572921e-06
19742331.834835	0.000000	1.180502e+00
19767642.187187	6.825838	5.900460e-05
19792952.539540	3.298537	1.098086e-05
19818262.891892	1.526655	6.798972e-06
19843573.244244	0.000000	1.215505e-02
19868883.596597	0.000000	8.952952e-01
19894193.948949	0.000000	1.110586e-01
19919504.301301	0.077456	1.481794e-04
19944814.653654	0.291125	1.345487e-03
19970125.006006	2.352678	1.746530e-04
19995435.358358	0.019752	1.211453e-03
20020745.710711	0.046452	5.287256e-04
20046056.063063	0.106639	1.904635e-04
20071366.415415	0.971155	6.741118e-04
20096676.767768	0.017601	1.550359e-04
20121987.120120	0.000000	2.413904e-02
20147297.472472	0.000000	3.394362e-02
20172607.824825	0.000000	9.781348e-03
20197918.177177	0.091117	2.607567e-03
20223228.529530	0.000000	5.491250e-02
20248538.881882	0.000000	2.157815e-02
20273849.234234	0.000000	4.890444e-03
20299159.586587	0.000000	6.649723e-03
20324469.938939	0.234716	7.712330e-04
20349780.291291	0.000000	8.867272e-03
20375090.643644	0.050770	7.934070e-04
20400400.995996	0.000000	3.208591e-02
20425711.348348	0.000000	1.112500e-02
20451021.700701	0.016359	9.706660e-03
20476332.053053	0.000000	1.132132e-02
20501642.405405	0.362249	2.906105e-03
20526952.757758	0.315524	3.003988e-04
20552263.110110	0.133961	4.835094e-02
20577573.462462	0.000000	8.762082e-03
20602883.814815	0.000000	3.548741e-01
20628194.167167	0.035897	2.655816e-04
20653504.519520	0.122975	2.199670e-04
20678814.871872	0.320346	3.792538e-03
20704125.224224	0.033051	2.564357e-03
20729435.576577	0.000000	8.581094e-03
20754745.928929	0.509091	1.109673e-04
20780056.281281	0.232201	2.073533e-03
20805366.633634	0.000000	2.036085e-02
20830676.985986	0.000000	6.661482e-01
20855987.338338	0.015577	1.432312e-02
20881297.690691	0.013034	1.028364e-04
20906608.043043	0.000000	5.478377e-02
20931918.395395	0.000000	5.054858e-02
20957228.747748	0.120277	5.368566e-04
20982539.100100	0.281677	1.388287e-04
21007849.452452	0.100619	5.451488e-05
21033159.804805	0.000000	1.183205e-02
21058470.157157	0.000000	1.210706e-02
21083780.509510	0.016054	3.543128e-03
21109090.861862	0.000000	6.134537e-03
21134401.214214	0.100086	7.668165e-03
21159711.566567	0.054574	3.709817e-03
21185021.918919	0.281606	1.105462e-03
21210332.271271	0.121736	1.853908e-03
21235642.623624	0.282885	5.793253e-04
21260952.975976	0.000000	7.682577e-03
21286263.328328	0.000000	1.329297e-03
21311573.680681	0.000000	1.757777e-02
21336884.033033	0.211049	1.019651e-04
21362194.385385	0.447693	1.059900e-03
21387504.737738	0.000000	2.393957e-02
21412815.090090	0.000000	3.100054e-02
21438125.442442	0.000000	3.903170e-02
21463435.794795	0.080738	4.201632e-03
21488746.147147	0.000000	1.603818e-03
21514056.499499	0.017321	4.221874e-04
21539366.851852	1.487064	3.867498e-04
21564677.204204	0.000000	2.061707e-01
21589987.556557	0.000000	2.164368e-01
21615297.908909	0.000000	7.143245e-03
21640608.261261	0.000000	8.314504e-03
21665918.613614	0.039723	1.170636e-02
21691228.965966	0.148551	3.724416e-04
21716539.318318	0.047888	1.559399e-04
21741849.670671	0.724479	4.189182e-04
21767160.023023	1.927316	5.109657e-04
21792470.375375	2.405806	5.408837e-05
21817780.727728	0.000000	6.407613e-01
21843091.080080	0.527846	5.218745e-05
21868401.432432	0.016359	2.284204e-03
21893711.784785	0.021258	1.266024e-03
21919022.137137	0.002722	1.023970e-03
21944332.489489	0.000000	5.264337e-03
21969642.841842	0.000000	3.919543e-02
21994953.194194	0.000000	2.383225e-03
22020263.546547	0.100083	6.153924e-03
22045573.898899	0.000000	2.371068e-02
22070884.251251	2.174205	5.475497e-05
22096194.603604	1.674759	7.712582e-05
22121504.955956	0.688238	2.950079e-03
22146815.308308	0.003948	1.667279e-04
22172125.660661	0.003264	3.255499e-04
22197436.013013	0.207862	1.789636e-04
22222746.365365	0.016359	5.463241e-02
22248056.717718	0.000000	4.126148e-03
22273367.070070	0.000000	2.580257e-02
22298677.422422	0.810247	5.943356e-04
22323987.774775	0.042659	6.468111e-04
22349298.127127	0.000000	7.588831e-02
22374608.479479	0.000000	5.513387e-03
22399918.831832	0.000000	1.528990e-02
22425229.184184	0.000000	2.797976e-03
22450539.536537	0.000000	8.685982e-03
22475849.888889	0.414261	8.050694e-05
22501160.241241	0.131118	8.766771e-05
22526470.593594	0.887740	5.328236e-04
22551780.945946	0.000000	2.690257e-02
22577091.298298	0.425765	3.717798e-04
22602401.650651	0.091541	1.188972e-04
22627712.003003	1.968447	2.298810e-04
22653022.355355	0.000000	4.911280e-03
22678332.707708	0.000000	1.245728e-02
22703643.060060	0.000000	5.139055e-03
22728953.412412	0.428345	3.451439e-03
22754263.764765	0.000000	1.211186e-02
22779574.117117	0.291353	1.901034e-03
22804884.469469	0.209933	9.136721e-05
22830194.821822	1.278142	4.867604e-05
22855505.174174	2.943578	3.260452e-05
22880815.526527	0.617491	6.110783e-05
22906125.878879	0.354403	1.751362e-03
22931436.231231	0.033826	1.456530e-04
22956746.583584	1.237869	3.594341e-04
22982056.935936	0.423352	2.366860e-03
23007367.288288	0.000000	6.943288e-03
23032677.640641	0.000000	1.062549e-02
23057987.992993	0.067008	5.802778e-04
23083298.345345	0.000000	1.679133e-02
23108608.697698	0.000000	1.368773e-02
23133919.050050	0.000000	8.336232e-02
23159229.402402	0.000000	2.503117e-02
23184539.754755	0.562604	1.065429e-03
23209850.107107	0.418939	1.490069e-04
23235160.459459	0.049881	1.031144e-03
23260470.811812	0.016359	6.088995e-03
23285781.164164	0.238206	1.860174e-02
23311091.516517	0.060858	6.182675e-04
23336401.868869	0.000000	1.236946e-02
23361712.221221	0.000000	4.923641e-03
23387022.573574	1.317497	9.171212e-05
23412332.925926	0.229834	1.590269e-04
23437643.278278	0.000000	1.673134e-01
23462953.630631	0.270330	2.101965e-04
23488263.982983	0.011297	1.953223e-02
23513574.335335	0.808332	1.787573e-04
23538884.687688	0.000000	2.999016e-03
23564195.040040	0.317639	5.972251e-04
23589505.392392	0.265363	3.456063e-04
23614815.744745	0.140119	4.460883e-04
23640126.097097	0.658890	9.634021e-05
23665436.449449	0.813026	2.007607e-03
23690746.801802	0.313070	7.051691e-05
23716057.154154	0.414476	9.263279e-04
23741367.506507	0.000000	2.124139e-01
23766677.858859	0.000000	2.000471e-02
23791988.211211	0.323742	1.693968e-04
23817298.563564	0.329935	2.203404e-04
23842608.915916	0.618325	5.506800e-05
23867919.268268	0.763944	1.476264e-04
23893229.620621	0.000000	2.381927e-01
23918539.972973	2.172175	3.403865e-05
23943850.325325	0.052044	1.825840e-03
23969160.677678	0.821334	1.196500e-05
23994471.030030	0.000000	3.141115e-02
24019781.382382	2.282707	9.719872e-06
24045091.734735	2.352133	1.183682e-05
24070402.087087	0.000000	7.459402e-01
24095712.439439	1.458181	2.826860e-04
24121022.791792	3.718992	3.350531e-05
24146333.144144	7.721285	1.788843e-05
24171643.496496	0.848093	7.642781e-04
24196953.848849	8.150502	1.185628e-05
24222264.201201	13.453203	2.276931e-05
24247574.553554	10.015832	2.190047e-05
24272884.905906	0.685326	5.443565e-04
24298195.258258	0.000000	1.297660e-02
24323505.610611	0.368950	5.538422e-04
24348815.962963	0.000000	2.574535e-03
24374126.315315	0.000000	6.791761e-02
24399436.667668	0.000000	5.627642e-03
24424747.020020	0.000000	1.287526e-02
24450057.372372	0.000000	6.270499e-02
24475367.724725	0.000000	1.199670e-02
24500678.077077	0.030639	1.409353e-03
24525988.429429	0.208024	1.653666e-04
24551298.781782	0.000000	1.747280e-02
24576609.134134	0.052043	8.808561e-04
24601919.486486	0.000000	2.317267e-03
24627229.838839	1.111607	4.498750e-05
24652540.191191	2.299582	6.260463e-05
24677850.543544	0.000000	2.028591e-02
24703160.895896	0.000000	1.480731e+00
24728471.248248	1.307919	2.413008e-04
24753781.600601	0.000000	4.664541e-03
24779091.952953	0.000000	1.869728e-03
24804402.305305	0.000000	8.780309e-03
24829712.657658	0.007101	5.618870e-04
24855023.010010	0.000000	7.509436e-03
24880333.362362	0.016359	3.890658e-01
24905643.714715	0.000000	1.201837e-03
24930954.067067	0.076148	1.458358e-03
24956264.419419	0.040426	2.637561e-04
24981574.771772	0.016353	1.516292e-03
25006885.124124	0.323866	1.670491e-04
25032195.476476	0.000000	1.171001e-01
25057505.828829	1.421059	3.560388e-05
25082816.181181	0.222973	1.412297e-04
25108126.533534	0.125116	4.800500e-04
25133436.885886	1.272797	7.432446e-05
25158747.238238	9.747984	2.937416e-05
25184057.590591	2.081648	5.318918e-05
25209367.942943	2.696833	8.283195e-04
25234678.295295	0.320862	1.382401e-03
25259988.647648	0.479294	8.371549e-03
25285299.000000	0.000000	1.200000e+03
