location	LR	alpha
30.000000	0.000000	1.200000e+03
25342.213213	0.000000	7.091646e-02
50654.426426	0.000000	3.851418e-02
75966.639640	0.000000	9.496650e-02
101278.852853	0.000000	8.227472e-02
126591.066066	0.000000	4.090073e+00
151903.279279	0.000000	4.141921e-02
177215.492492	2.143144	1.438265e-03
202527.705706	0.000000	3.147176e-02
227839.918919	2.334971	7.410177e-04
253152.132132	0.000000	4.685083e-02
278464.345345	1.502758	3.277156e-03
303776.558559	0.000000	4.219196e-01
329088.771772	0.000000	3.776939e-01
354400.984985	0.000000	1.333556e-01
379713.198198	0.000000	6.410319e-02
405025.411411	6.696092	8.582969e-04
430337.624625	1.089527	2.366417e-03
455649.837838	0.000000	1.710324e-01
480962.051051	10.088090	3.619242e-03
506274.264264	0.000000	1.631021e+01
531586.477477	0.000000	9.714831e-02
556898.690691	0.000000	5.196360e+00
582210.903904	12.290696	1.512388e-03
607523.117117	0.000000	1.961709e+00
632835.330330	1.450359	7.247895e-04
658147.543544	0.921238	1.410139e-02
683459.756757	1.789922	4.104945e-03
708771.969970	0.000000	1.874121e-01
734084.183183	0.000000	1.301756e-01
759396.396396	0.773326	4.837200e-02
784708.609610	0.000000	1.968473e+01
810020.822823	0.000000	4.251065e+00
835333.036036	0.075518	2.174991e-03
860645.249249	0.000000	2.824028e+00
885957.462462	1.640669	1.170392e-02
911269.675676	0.000000	1.606949e-01
936581.888889	1.825026	1.154850e-02
961894.102102	0.000000	5.023068e-02
987206.315315	44.770997	3.975528e-04
1012518.528529	0.000000	4.523433e-01
1037830.741742	0.000000	3.665047e-01
1063142.954955	0.052263	4.998061e-02
1088455.168168	0.000000	1.670569e-01
1113767.381381	0.698756	5.846102e-03
1139079.594595	0.000000	6.124139e-01
1164391.807808	8.688098	3.365476e-04
1189704.021021	0.000000	2.410133e+00
1215016.234234	0.000000	2.318135e-01
1240328.447447	0.378028	1.026099e-03
1265640.660661	0.000000	1.565340e-01
1290952.873874	0.000000	7.588881e-02
1316265.087087	0.302121	1.148569e-01
1341577.300300	0.000000	1.040761e-01
1366889.513514	0.033207	4.389702e-02
1392201.726727	0.000000	8.148451e-01
1417513.939940	0.240138	7.760117e-02
1442826.153153	0.000000	2.148734e-01
1468138.366366	0.000000	3.027732e-01
1493450.579580	3.584431	4.063066e-03
1518762.792793	19.106673	3.332810e-04
1544075.006006	5.513390	1.286405e-03
1569387.219219	1.607711	1.637337e-02
1594699.432432	0.671939	9.455737e-03
1620011.645646	0.000000	2.881455e-01
1645323.858859	26.669273	5.973627e-04
1670636.072072	1.885727	4.844493e-03
1695948.285285	8.852041	2.478688e-04
1721260.498498	0.985969	2.417497e-02
1746572.711712	0.000000	7.180594e-01
1771884.924925	0.000000	3.236676e-01
1797197.138138	0.000000	2.176333e-03
1822509.351351	0.000000	6.950534e-02
1847821.564565	0.000000	6.463930e-01
1873133.777778	0.000000	1.852488e-01
1898445.990991	0.181762	3.838276e-01
1923758.204204	0.000000	9.104995e-02
1949070.417417	0.000000	4.827371e-02
1974382.630631	0.000000	7.436356e-02
1999694.843844	0.000000	1.099343e-01
2025007.057057	40.554258	5.210198e-04
2050319.270270	0.149649	6.935761e-03
2075631.483483	0.000000	1.472691e-01
2100943.696697	0.000000	1.121842e+00
2126255.909910	0.000000	1.318812e+01
2151568.123123	0.000000	3.842308e+00
2176880.336336	0.000000	1.531857e-01
2202192.549550	0.000000	6.876616e-01
2227504.762763	0.000000	4.951061e-01
2252816.975976	22.006693	5.220723e-04
2278129.189189	0.698491	1.556131e-02
2303441.402402	0.000000	8.220533e-01
2328753.615616	2.723669	8.739039e-04
2354065.828829	29.497583	4.524373e-04
2379378.042042	0.000000	1.763616e-01
2404690.255255	0.400847	1.081250e-02
2430002.468468	0.000000	7.757718e-01
2455314.681682	0.000000	4.852048e-02
2480626.894895	0.000000	2.733803e-01
2505939.108108	0.000000	1.919668e-02
2531251.321321	0.000000	1.287372e+00
2556563.534535	0.000000	7.257538e-01
2581875.747748	5.733911	9.398681e-04
2607187.960961	0.260675	7.393894e-03
2632500.174174	0.000000	1.943580e+00
2657812.387387	0.000000	1.106386e-02
2683124.600601	0.000000	5.001252e+00
2708436.813814	0.987957	2.696762e-03
2733749.027027	8.410283	1.314407e-03
2759061.240240	0.000000	3.405199e-01
2784373.453453	0.516552	2.756237e-03
2809685.666667	0.000000	1.782179e-01
2834997.879880	0.000000	5.082160e-02
2860310.093093	0.000000	4.779104e-02
2885622.306306	0.000000	4.239340e-01
2910934.519520	0.000000	1.041710e+00
2936246.732733	0.244555	9.962785e-03
2961558.945946	1.018500	4.527096e-03
2986871.159159	0.000000	1.035233e+01
3012183.372372	0.000000	1.028916e-01
3037495.585586	0.468736	1.053790e-02
3062807.798799	1.941642	2.039499e-02
3088120.012012	0.000000	8.578790e-01
3113432.225225	0.632869	8.832453e-03
3138744.438438	0.320568	1.911585e-02
3164056.651652	1.108582	9.567281e-03
3189368.864865	0.000000	1.120081e-01
3214681.078078	0.000000	2.304233e-01
3239993.291291	0.053625	9.696128e-02
3265305.504505	2.174375	2.159958e-02
3290617.717718	0.000000	1.046046e-01
3315929.930931	14.760235	6.593002e-04
3341242.144144	0.064795	2.498639e-02
3366554.357357	0.000000	7.336151e-01
3391866.570571	0.000000	7.729821e-03
3417178.783784	6.074416	3.206605e-03
3442490.996997	0.000000	1.500564e+00
3467803.210210	0.380969	2.231316e-03
3493115.423423	14.630723	5.967014e-04
3518427.636637	33.199398	4.810319e-04
3543739.849850	0.000000	2.051335e+00
3569052.063063	0.000000	9.947723e-01
3594364.276276	5.509979	2.442988e-03
3619676.489489	23.812258	7.930049e-04
3644988.702703	0.000000	4.240688e-01
3670300.915916	1.989392	2.357457e-03
3695613.129129	6.770998	2.572616e-04
3720925.342342	1.408436	6.277816e-03
3746237.555556	0.000000	9.052811e-02
3771549.768769	0.337833	3.384737e-03
3796861.981982	0.000000	1.071257e-01
3822174.195195	0.000000	1.018635e-01
3847486.408408	0.000000	3.295942e-01
3872798.621622	0.000000	4.549182e-01
3898110.834835	0.000000	1.961901e-01
3923423.048048	0.046355	2.181584e-02
3948735.261261	2.428337	1.726915e-03
3974047.474474	0.046191	1.144493e-03
3999359.687688	0.000000	3.398249e-01
4024671.900901	0.000000	1.331867e-01
4049984.114114	0.000000	2.454696e-01
4075296.327327	6.157200	5.025408e-04
4100608.540541	10.945734	1.827576e-03
4125920.753754	0.191987	6.719261e-03
4151232.966967	2.338352	5.171785e-04
4176545.180180	0.000000	6.560318e-03
4201857.393393	2.205138	3.871446e-03
4227169.606607	0.000000	7.469160e+00
4252481.819820	0.000000	7.236773e-02
4277794.033033	0.730327	1.143635e-02
4303106.246246	10.181588	1.394404e-04
4328418.459459	0.000000	1.830928e-01
4353730.672673	0.000000	2.568124e+00
4379042.885886	0.000000	1.335026e-01
4404355.099099	0.000000	1.100827e+00
4429667.312312	0.000000	5.147496e-01
4454979.525526	0.562173	1.091442e-02
4480291.738739	0.000000	7.169002e-01
4505603.951952	3.527186	5.800707e-03
4530916.165165	0.261773	4.075192e-02
4556228.378378	0.000000	2.430214e-01
4581540.591592	0.000000	9.869105e-02
4606852.804805	0.000000	1.941597e-01
4632165.018018	0.006267	3.659329e-02
4657477.231231	0.959215	3.319766e-03
4682789.444444	0.953748	3.372537e-01
4708101.657658	0.000000	3.395361e-01
4733413.870871	0.824105	2.402149e-02
4758726.084084	0.398059	8.496467e-02
4784038.297297	0.000000	3.182796e-01
4809350.510511	0.000000	6.150531e-01
4834662.723724	0.306388	2.998008e-02
4859974.936937	11.889324	4.055119e-04
4885287.150150	0.000000	1.472366e+00
4910599.363363	0.272866	8.185745e-03
4935911.576577	0.000000	5.601347e-01
4961223.789790	0.000000	3.261776e-01
4986536.003003	0.707810	3.765257e-02
5011848.216216	0.000000	2.508475e+00
5037160.429429	0.562350	6.589361e-02
5062472.642643	0.260104	7.569113e-02
5087784.855856	0.104461	6.120984e-02
5113097.069069	1.267441	8.431047e-03
5138409.282282	0.677575	3.031694e-02
5163721.495495	6.775886	2.164498e-03
5189033.708709	4.204262	1.150583e-02
5214345.921922	0.011039	1.461179e-01
5239658.135135	1.518279	7.491670e-03
5264970.348348	0.146919	1.514764e-01
5290282.561562	0.000000	2.157668e+00
5315594.774775	0.492214	1.757566e-02
5340906.987988	0.732260	1.627070e-01
5366219.201201	1.756650	1.042301e-02
5391531.414414	0.000000	4.306346e-03
5416843.627628	0.000000	1.156920e+00
5442155.840841	0.000000	4.224102e+00
5467468.054054	0.981834	1.907967e-01
5492780.267267	0.277066	2.761561e+00
5518092.480480	0.261672	3.529176e-01
5543404.693694	0.000000	1.642417e+00
5568716.906907	103.250828	3.848551e-04
5594029.120120	0.000000	1.522866e+00
5619341.333333	1.345711	6.562105e-03
5644653.546547	0.000000	3.120656e-01
5669965.759760	0.834859	2.132868e-03
5695277.972973	0.636361	5.804490e-02
5720590.186186	0.534031	1.832220e-01
5745902.399399	0.000000	2.608355e+00
5771214.612613	0.000000	2.238280e-01
5796526.825826	0.000000	4.023360e-01
5821839.039039	0.000000	1.704778e+00
5847151.252252	0.000000	5.328000e+00
5872463.465465	0.010119	2.539498e-03
5897775.678679	0.196196	1.031852e-02
5923087.891892	0.276568	1.598996e-02
5948400.105105	0.000000	5.480730e-01
5973712.318318	0.000000	7.199353e-02
5999024.531532	0.521544	2.468887e-03
6024336.744745	0.000000	2.283429e+00
6049648.957958	0.000000	1.086756e+00
6074961.171171	0.000000	3.784091e+00
6100273.384384	0.000000	7.159239e-02
6125585.597598	0.000000	1.153580e+00
6150897.810811	2.377263	1.309760e-02
6176210.024024	2.387582	3.151848e-03
6201522.237237	0.018407	3.987443e-02
6226834.450450	0.987375	1.302692e+00
6252146.663664	0.384414	4.791401e-03
6277458.876877	1.219918	6.897504e-03
6302771.090090	12.311995	1.395082e-04
6328083.303303	0.000000	1.445209e+00
6353395.516517	0.000000	7.912873e+00
6378707.729730	0.000000	3.964286e-01
6404019.942943	0.000000	1.341840e+00
6429332.156156	1.549744	3.290226e-02
6454644.369369	0.000000	7.807739e-01
6479956.582583	0.000000	2.127003e-01
6505268.795796	1.833975	1.045537e-02
6530581.009009	0.000000	1.997002e+00
6555893.222222	0.268528	1.536458e-01
6581205.435435	0.000000	9.808448e-03
6606517.648649	0.000000	3.288889e+00
6631829.861862	0.631955	1.197569e-02
6657142.075075	0.000000	8.525713e-01
6682454.288288	0.000000	3.233011e+00
6707766.501502	1.067600	1.639086e-02
6733078.714715	0.143963	1.149910e-02
6758390.927928	0.000000	2.102605e-01
6783703.141141	0.000000	2.334112e+00
6809015.354354	0.000000	2.749415e-01
6834327.567568	0.177842	6.452742e-02
6859639.780781	0.000000	3.506802e-01
6884951.993994	0.000000	1.207251e+01
6910264.207207	0.000000	1.766579e+00
6935576.420420	0.722960	2.374245e-02
6960888.633634	0.246931	5.988413e-02
6986200.846847	0.000000	4.642734e-01
7011513.060060	0.000000	1.276678e+01
7036825.273273	0.000000	6.083120e-01
7062137.486486	0.000000	2.336843e+01
7087449.699700	0.000000	1.904672e+00
7112761.912913	0.495053	1.443893e-01
7138074.126126	0.000000	9.895992e-01
7163386.339339	1.008697	3.043720e-02
7188698.552553	0.000000	3.112635e-01
7214010.765766	0.000000	7.132914e-02
7239322.978979	0.000000	4.995625e-01
7264635.192192	0.000000	1.837132e-02
7289947.405405	0.000000	7.314665e-01
7315259.618619	0.000000	1.032825e+00
7340571.831832	0.000000	1.442599e+01
7365884.045045	0.000000	7.270744e-02
7391196.258258	0.000000	1.912602e-01
7416508.471471	0.000000	6.868343e-01
7441820.684685	0.000000	9.547705e-02
7467132.897898	0.000000	1.966535e+00
7492445.111111	0.039194	4.105866e-02
7517757.324324	0.000000	1.475574e-01
7543069.537538	0.000000	1.046895e+00
7568381.750751	0.000000	3.453163e-01
7593693.963964	0.000000	1.034162e-01
7619006.177177	0.156647	1.517821e-02
7644318.390390	0.000000	3.073847e+01
7669630.603604	0.000000	2.141479e+00
7694942.816817	0.000000	7.586863e-01
7720255.030030	0.327048	5.592362e-02
7745567.243243	0.236217	2.093132e-02
7770879.456456	0.203361	3.348390e-01
7796191.669670	0.000000	9.002030e-01
7821503.882883	0.000000	1.865912e-02
7846816.096096	0.000000	1.248750e+02
7872128.309309	0.000000	6.367094e-03
7897440.522523	0.000000	1.408034e+00
7922752.735736	0.095011	6.228162e-02
7948064.948949	0.000000	2.017163e+00
7973377.162162	0.000000	7.354647e-02
7998689.375375	0.000000	8.205342e-01
8024001.588589	0.378321	3.753963e-01
8049313.801802	1.158979	1.453311e-02
8074626.015015	0.000000	6.004509e-01
8099938.228228	0.183056	1.012807e-01
8125250.441441	0.198514	1.276021e-01
8150562.654655	0.618688	1.061183e-01
8175874.867868	0.000000	2.137813e-01
8201187.081081	0.244305	1.233750e-01
8226499.294294	0.270365	1.794775e+00
8251811.507508	0.000000	2.178844e+00
8277123.720721	0.614747	8.951372e-02
8302435.933934	0.000000	1.005536e+00
8327748.147147	0.000000	1.035797e-01
8353060.360360	0.565942	1.428908e-02
8378372.573574	0.000000	6.886093e-01
8403684.786787	0.623369	9.503570e-02
8428997.000000	0.000000	7.058825e-01
8454309.213213	0.000000	8.703990e-01
8479621.426426	0.000000	3.206291e-01
8504933.639640	0.000000	4.385908e-01
8530245.852853	0.000000	1.217922e+00
8555558.066066	0.000000	6.691227e-01
8580870.279279	0.000000	2.804211e+00
8606182.492492	0.000000	2.637799e-01
8631494.705706	0.122538	5.237158e-02
8656806.918919	0.000000	1.694657e+00
8682119.132132	0.591639	1.960250e-02
8707431.345345	0.000000	8.919644e+00
8732743.558559	0.193053	1.231568e-02
8758055.771772	0.000000	6.965314e-01
8783367.984985	0.061132	4.580282e-03
8808680.198198	4.138150	1.928623e-02
8833992.411411	0.000000	7.786439e-01
8859304.624625	0.000000	1.369478e-01
8884616.837838	0.000000	1.107232e+00
8909929.051051	0.118225	5.284795e-02
8935241.264264	0.612519	1.446297e-02
8960553.477477	0.000000	1.678851e-01
8985865.690691	0.780423	1.869867e-02
9011177.903904	4.407186	2.276271e-02
9036490.117117	1.156800	2.137377e-02
9061802.330330	0.000000	1.440520e+00
9087114.543544	0.000000	3.577441e-01
9112426.756757	0.000000	3.554845e-01
9137738.969970	0.051253	8.832829e-02
9163051.183183	0.000000	4.260128e+00
9188363.396396	0.758808	1.873806e-02
9213675.609610	0.000000	5.359443e-01
9238987.822823	0.744729	4.647542e-02
9264300.036036	0.428992	1.084134e-01
9289612.249249	0.000000	1.797733e-01
9314924.462462	0.000000	1.218739e-01
9340236.675676	0.000000	5.068494e-01
9365548.888889	0.391953	1.217937e-01
9390861.102102	0.000000	1.088828e+01
9416173.315315	0.000000	3.256724e+00
9441485.528529	0.256839	6.966985e-02
9466797.741742	0.000000	3.682951e+00
9492109.954955	0.066062	9.779523e-02
9517422.168168	0.000000	5.413167e-01
9542734.381381	0.000000	1.575089e+00
9568046.594595	0.000000	3.338347e+00
9593358.807808	0.000000	6.243751e+01
9618671.021021	0.000000	2.984318e+00
9643983.234234	0.719200	1.622122e-02
9669295.447447	0.000000	7.729208e+00
9694607.660661	0.133468	8.228889e-02
9719919.873874	0.000000	5.680172e-01
9745232.087087	0.000000	8.518441e-01
9770544.300300	0.221066	5.751544e-02
9795856.513514	0.325926	1.342176e-01
9821168.726727	0.000000	4.391210e+01
9846480.939940	0.000000	2.071111e-01
9871793.153153	0.000000	2.889372e+00
9897105.366366	0.000000	1.748414e-01
9922417.579580	0.264843	6.911251e-01
9947729.792793	0.000000	8.112061e-01
9973042.006006	0.000000	7.056333e-01
9998354.219219	0.000000	1.536923e+01
10023666.432432	0.000000	9.548389e-01
10048978.645646	2.098546	1.102882e-02
10074290.858859	0.933354	2.242660e-01
10099603.072072	0.251598	2.484154e-01
10124915.285285	0.000000	3.230397e+00
10150227.498498	0.000000	1.751863e-01
10175539.711712	0.000000	1.291950e+00
10200851.924925	0.000000	1.322303e+00
10226164.138138	0.215336	3.945642e-02
10251476.351351	0.000000	2.581397e+00
10276788.564565	0.000000	7.669867e+00
10302100.777778	0.244308	8.837643e+00
10327412.990991	0.000000	5.456781e-01
10352725.204204	0.000000	2.305828e+00
10378037.417417	0.000000	3.511424e+00
10403349.630631	0.244125	6.901170e-01
10428661.843844	0.000000	3.121875e+00
10453974.057057	0.000000	3.630088e-01
10479286.270270	0.233640	2.010584e-02
10504598.483483	0.000000	3.936559e-01
10529910.696697	0.272346	2.451470e-02
10555222.909910	0.000000	7.096432e-01
10580535.123123	0.000000	9.898440e-01
10605847.336336	0.000000	6.921879e-01
10631159.549550	0.000000	1.631553e-01
10656471.762763	0.000000	9.806139e-01
10681783.975976	0.000000	6.072949e+00
10707096.189189	0.594933	8.259962e-02
10732408.402402	1.421442	1.048364e-01
10757720.615616	2.520613	4.864019e-02
10783032.828829	0.558403	1.692954e-01
10808345.042042	0.000000	3.424458e-01
10833657.255255	0.000000	4.371993e+00
10858969.468468	0.000000	2.648112e+00
10884281.681682	1.152447	2.189552e-02
10909593.894895	0.102212	7.594874e-02
10934906.108108	0.148122	8.487785e-02
10960218.321321	0.000000	5.169470e+00
10985530.534535	0.000000	1.267767e+00
11010842.747748	0.000000	2.651803e-01
11036154.960961	0.000000	5.008147e-01
11061467.174174	0.329626	2.580425e-01
11086779.387387	0.000000	5.026416e+00
11112091.600601	0.206859	2.614360e-01
11137403.813814	0.000000	1.761129e+00
11162716.027027	0.285415	8.191737e-01
11188028.240240	0.000000	1.456269e+00
11213340.453453	0.000000	1.047719e+00
11238652.666667	0.000000	1.894737e+00
11263964.879880	0.000000	1.477811e+00
11289277.093093	0.000000	5.689067e-01
11314589.306306	0.000000	3.629429e+00
11339901.519520	0.182233	1.728187e-01
11365213.732733	0.000000	5.787949e-01
11390525.945946	0.363085	1.112755e-01
11415838.159159	0.000000	3.667940e-02
11441150.372372	0.000000	1.911962e+01
11466462.585586	0.000000	1.581948e+00
11491774.798799	0.000000	1.796440e-01
11517087.012012	0.000000	9.990001e+02
11542399.225225	0.138498	4.308898e-02
11567711.438438	0.000000	1.473506e-01
11593023.651652	0.224248	3.063168e-02
11618335.864865	0.000000	2.466668e+00
11643648.078078	0.000000	3.740873e-01
11668960.291291	0.000000	1.788721e+00
11694272.504505	0.000000	4.808667e+00
11719584.717718	0.000000	2.271745e+00
11744896.930931	0.261672	3.311288e+01
11770209.144144	0.000000	5.596640e+00
11795521.357357	0.000000	2.753963e+00
11820833.570571	0.000000	2.828226e-01
11846145.783784	0.000000	5.414635e+00
11871457.996997	0.000000	3.333613e-01
11896770.210210	0.000000	3.313982e-01
11922082.423423	0.184411	7.768115e-02
11947394.636637	0.000000	6.197272e-01
11972706.849850	0.000000	2.330030e+00
11998019.063063	0.000000	1.097200e+00
12023331.276276	0.123430	4.706919e-02
12048643.489489	0.144213	9.029684e-02
12073955.702703	0.000000	2.104266e+00
12099267.915916	1.836829	8.770339e-03
12124580.129129	0.086937	4.136435e-02
12149892.342342	0.000000	8.186849e-01
12175204.555556	0.000000	1.679627e-01
12200516.768769	0.000000	5.270377e-01
12225828.981982	0.000000	1.222019e+01
12251141.195195	0.000000	2.778088e-01
12276453.408408	0.000000	1.820502e+00
12301765.621622	1.039593	1.559194e-02
12327077.834835	0.000000	4.022145e-01
12352390.048048	0.677714	5.580626e-02
12377702.261261	0.000000	3.679558e+00
12403014.474474	0.000000	7.866143e+00
12428326.687688	0.416066	4.407454e-02
12453638.900901	0.000000	2.357523e-01
12478951.114114	0.000000	1.686788e+00
12504263.327327	0.000000	9.469195e-01
12529575.540541	0.000000	5.591940e-01
12554887.753754	0.000000	4.873171e+01
12580199.966967	0.000000	3.632727e+02
12605512.180180	0.030082	1.884956e+00
12630824.393393	0.000000	1.978218e+01
12656136.606607	0.000000	5.129655e-01
12681448.819820	0.000000	8.097266e-01
12706761.033033	0.000000	2.415962e+00
12732073.246246	0.000000	9.628916e+00
12757385.459459	0.263684	2.603923e-02
12782697.672673	0.000000	2.773075e+00
12808009.885886	0.000000	2.720219e-01
12833322.099099	0.092533	2.695853e-01
12858634.312312	0.000000	3.023608e-01
12883946.525526	0.169242	3.357724e-01
12909258.738739	0.000000	2.091052e+00
12934570.951952	0.181843	1.784296e-01
12959883.165165	0.000000	1.946420e+00
12985195.378378	0.000000	8.705883e+00
13010507.591592	0.181853	4.800488e-01
13035819.804805	0.000000	3.153907e+00
13061132.018018	0.071208	3.865367e-01
13086444.231231	0.000000	5.378197e+00
13111756.444444	0.603922	6.109330e-02
13137068.657658	0.190894	1.030786e-02
13162380.870871	0.000000	5.636108e+00
13187693.084084	0.000000	8.520259e-01
13213005.297297	0.000000	4.331708e-01
13238317.510511	0.000000	7.268099e-01
13263629.723724	0.000000	1.649195e+00
13288941.936937	0.342649	1.003297e-01
13314254.150150	0.000000	4.829003e-01
13339566.363363	0.000000	5.546150e-01
13364878.576577	0.253534	7.305595e-02
13390190.789790	0.270365	8.326677e-01
13415503.003003	0.000000	1.332889e+00
13440815.216216	0.000000	1.531035e+01
13466127.429429	0.000000	9.654508e-01
13491439.642643	0.000000	2.705301e-01
13516751.855856	0.000000	6.466020e+00
13542064.069069	0.000000	1.122472e+01
13567376.282282	0.000000	2.543603e+00
13592688.495495	0.000000	1.311411e-01
13618000.708709	0.583442	3.001317e-01
13643312.921922	0.000000	5.735612e-01
13668625.135135	0.000000	1.475083e+00
13693937.348348	0.000000	3.583857e+00
13719249.561562	0.918482	3.812682e-02
13744561.774775	0.000000	1.771277e+00
13769873.987988	0.000000	1.333156e-01
13795186.201201	0.650178	5.039115e-02
13820498.414414	0.000000	3.819903e-01
13845810.627628	0.000000	1.032025e+00
13871122.840841	0.618409	2.117442e-01
13896435.054054	0.000000	2.220000e+02
13921747.267267	0.000000	8.410861e-01
13947059.480480	0.000000	5.102146e-01
13972371.693694	0.000000	1.606562e-01
13997683.906907	0.491436	7.044522e-02
14022996.120120	0.000000	1.010111e+00
14048308.333333	0.000000	3.956045e-01
14073620.546547	0.000000	1.256999e+00
14098932.759760	0.000000	2.192278e-03
14124244.972973	0.000000	5.920000e+00
14149557.186186	0.000000	4.764517e-01
14174869.399399	0.000000	6.122263e-01
14200181.612613	0.243150	1.229070e-01
14225493.825826	0.000000	4.473303e-01
14250806.039039	0.000000	2.971005e+00
14276118.252252	1.089250	1.757541e-02
14301430.465465	0.000000	1.836397e+00
14326742.678679	0.124226	9.199642e-02
14352054.891892	0.000000	1.082927e+01
14377367.105105	0.261672	2.069555e+00
14402679.318318	0.000000	1.899240e+00
14427991.531532	0.000000	3.114333e-01
14453303.744745	0.000000	1.918387e+00
14478615.957958	0.268201	6.173363e-02
14503928.171171	0.000000	7.581106e-01
14529240.384384	0.000000	7.324049e-01
14554552.597598	0.000000	8.556745e+00
14579864.810811	0.000000	4.960895e-01
14605177.024024	0.124126	4.732798e-02
14630489.237237	0.000000	5.058229e+01
14655801.450450	0.000000	1.039002e+00
14681113.663664	0.000000	1.565831e+00
14706425.876877	0.000000	9.746343e+01
14731738.090090	0.000000	1.483296e+00
14757050.303303	0.000000	1.121842e+00
14782362.516517	1.955275	1.367226e-02
14807674.729730	0.672885	8.712391e-02
14832986.942943	0.000000	7.473351e-01
14858299.156156	0.000000	6.508144e+00
14883611.369369	0.421774	4.507732e-02
14908923.582583	0.221925	6.485948e-01
14934235.795796	0.991018	6.152183e-02
14959548.009009	0.000000	5.997301e-01
14984860.222222	0.000000	1.770492e+00
15010172.435435	0.000000	1.149928e+00
15035484.648649	0.000000	4.530613e+00
15060796.861862	0.040673	3.534981e-02
15086109.075075	0.000354	5.659501e-03
15111421.288288	0.000000	3.134118e-01
15136733.501502	0.820106	4.036719e-02
15162045.714715	0.000000	1.024353e+00
15187357.927928	0.173531	3.600600e+01
15212670.141141	0.000000	7.566750e-01
15237982.354354	0.664941	4.169547e-02
15263294.567568	0.366513	3.804800e-02
15288606.780781	0.155802	1.406660e+00
15313918.993994	0.525416	1.137102e-01
15339231.207207	0.000000	4.167710e-01
15364543.420420	0.000000	2.691816e-01
15389855.633634	0.000000	1.893839e+01
15415167.846847	0.284674	1.064385e-01
15440480.060060	0.569413	1.320361e-01
15465792.273273	0.578196	5.177677e-01
15491104.486486	0.433755	3.011387e+00
15516416.699700	1.085978	5.041921e-02
15541728.912913	0.000000	9.293024e-01
15567041.126126	0.000000	1.958824e+00
15592353.339339	1.739015	2.413099e-02
15617665.552553	0.000000	2.373768e-01
15642977.765766	0.000000	2.081250e+00
15668289.978979	0.255691	1.799443e-01
15693602.192192	0.000000	8.690738e-01
15718914.405405	0.156558	5.831749e-02
15744226.618619	0.000000	7.220818e-01
15769538.831832	0.000000	1.945472e+00
15794851.045045	1.618209	7.226569e-03
15820163.258258	0.089177	9.996782e-02
15845475.471471	0.192226	8.332012e-01
15870787.684685	0.000000	6.096111e-01
15896099.897898	0.000000	2.351973e+00
15921412.111111	0.000000	3.439492e-01
15946724.324324	0.144437	8.176388e-02
15972036.537538	0.000000	6.473354e-01
15997348.750751	0.000000	1.708204e-01
16022660.963964	0.000000	5.893807e+00
16047973.177177	0.000000	5.666479e-01
16073285.390390	0.000000	3.073846e+01
16098597.603604	0.000000	4.686842e-01
16123909.816817	0.000000	5.496562e+00
16149222.030030	0.000000	4.290316e-01
16174534.243243	0.000000	5.349399e+00
16199846.456456	0.063933	6.168192e-02
16225158.669670	0.036033	3.045901e-01
16250470.882883	0.549498	1.426320e-01
16275783.096096	0.000000	2.354744e+00
16301095.309309	0.000000	1.737392e+01
16326407.522523	0.000000	3.812250e-01
16351719.735736	0.000000	2.043050e-01
16377031.948949	0.201942	2.771120e-01
16402344.162162	0.239533	1.704892e-01
16427656.375375	0.000000	3.310688e+00
16452968.588589	0.000000	2.615184e+00
16478280.801802	0.000000	1.538107e+00
16503593.015015	0.000000	4.441975e-01
16528905.228228	0.000000	7.394524e-01
16554217.441441	0.000000	2.148388e+01
16579529.654655	0.000000	4.867237e-01
16604841.867868	0.000000	3.831258e+00
16630154.081081	0.163497	4.222787e-02
16655466.294294	0.000000	9.026430e-01
16680778.507508	0.324655	3.822093e-02
16706090.720721	0.227494	5.079001e-02
16731402.933934	0.000000	9.945247e-01
16756715.147147	0.000000	3.114576e+00
16782027.360360	0.000000	1.828164e-01
16807339.573574	0.968892	7.336549e-02
16832651.786787	2.478937	5.865511e-02
16857964.000000	0.000000	1.714286e+00
16883276.213213	0.000000	1.525191e+01
16908588.426426	0.000000	4.945546e+00
16933900.639640	0.081488	6.412074e-02
16959212.852853	2.172629	1.080168e-02
16984525.066066	0.000000	1.125634e+01
17009837.279279	0.000000	9.380282e+00
17035149.492492	0.000000	2.637799e-01
17060461.705706	0.000000	3.560229e-01
17085773.918919	0.000000	6.288953e-01
17111086.132132	0.000000	5.027681e-01
17136398.345345	0.000000	1.891150e+00
17161710.558559	0.000000	3.575839e-01
17187022.771772	0.127119	7.205412e-02
17212334.984985	0.142789	3.605706e-01
17237647.198198	0.000000	9.834469e-03
17262959.411411	0.000000	5.604490e-01
17288271.624625	0.136612	7.175000e-02
17313583.837838	0.000000	4.228573e+00
17338896.051051	0.000000	5.205838e-01
17364208.264264	0.024069	1.219981e-01
17389520.477477	0.582836	1.160314e-01
17414832.690691	0.000000	3.959181e-01
17440144.903904	0.000000	6.702451e-01
17465457.117117	0.000000	3.440084e-01
17490769.330330	0.000000	9.002028e-01
17516081.543544	0.000000	4.906681e-01
17541393.756757	0.000000	6.830769e+00
17566705.969970	0.773203	6.488380e-02
17592018.183183	0.000000	3.771592e-01
17617330.396396	0.000000	2.729508e+00
17642642.609610	1.123634	2.085393e-02
17667954.822823	0.000000	1.360109e+00
17693267.036036	0.000000	3.952524e+00
17718579.249249	0.229039	2.825419e-01
17743891.462462	0.415273	9.162706e-02
17769203.675676	0.000000	3.700000e+01
17794515.888889	0.229039	3.901439e-01
17819828.102102	0.380980	7.313516e-02
17845140.315315	0.000000	2.561540e+00
17870452.528529	0.000000	9.621962e-01
17895764.741742	0.244308	4.612027e-01
17921076.954955	0.126033	8.653703e-01
17946389.168168	0.486766	1.773652e-01
17971701.381381	0.000000	7.413730e+00
17997013.594595	0.000000	3.468751e-01
18022325.807808	0.000000	6.637874e+00
18047638.021021	0.155170	4.506706e-01
18072950.234234	0.000000	2.834043e+00
18098262.447447	0.098203	1.869918e-01
18123574.660661	0.867118	6.920214e-02
18148886.873874	0.000000	9.321207e-01
18174199.087087	0.000000	5.476225e-01
18199511.300300	0.299489	3.804460e-02
18224823.513514	0.145720	2.997993e-01
18250135.726727	0.000000	4.391209e+01
18275447.939940	0.000000	3.081670e-01
18300760.153153	0.000000	1.106313e+00
18326072.366366	0.155193	1.075862e-01
18351384.579580	0.000000	1.402204e-01
18376696.792793	0.328728	3.602327e-01
18402009.006006	0.000000	2.402887e+00
18427321.219219	0.270326	2.155235e-01
18452633.432432	0.070468	6.662423e-02
18477945.645646	0.000000	6.108225e-01
18503257.858859	0.192997	1.919042e-01
18528570.072072	0.000000	1.119328e+01
18553882.285285	0.000000	1.448351e+00
18579194.498498	0.000000	3.889808e-02
18604506.711712	0.000000	7.010528e+00
18629818.924925	0.000000	2.436586e+00
18655131.138138	0.000000	6.270203e-01
18680443.351351	0.000000	1.030163e+00
18705755.564565	0.000000	8.931607e-01
18731067.777778	0.270797	1.299767e+00
18756379.990991	0.000000	7.495782e-01
18781692.204204	0.000000	4.292160e+00
18807004.417417	0.000000	2.149544e+00
18832316.630631	0.000000	3.561499e+00
18857628.843844	0.181248	7.941056e-02
18882941.057057	0.000000	2.019202e+00
18908253.270270	0.000000	1.023042e+00
18933565.483483	0.622933	4.696066e-02
18958877.696697	0.000000	2.094121e-01
18984189.909910	0.000000	1.100826e+01
19009502.123123	0.002578	2.430290e-01
19034814.336336	1.715348	5.262461e-02
19060126.549550	0.000000	1.610641e+00
19085438.762763	0.000000	5.929664e-01
19110750.975976	0.000000	6.072948e+00
19136063.189189	0.000000	8.688848e-01
19161375.402402	0.570846	2.934160e-02
19186687.615616	0.000000	1.949269e+01
19211999.828829	1.332382	4.469582e-02
19237312.042042	0.000000	2.923832e-01
19262624.255255	0.709271	5.513433e-02
19287936.468468	0.000000	6.143912e-01
19313248.681682	0.176218	1.082228e-01
19338560.894895	0.349781	2.067744e-01
19363873.108108	0.000000	3.860870e+00
19389185.321321	0.000000	1.544826e-01
19414497.534535	0.000000	7.724728e-01
19439809.747748	0.000000	1.919309e+00
19465121.960961	0.000000	1.017286e-01
19490434.174174	0.592290	5.427386e-02
19515746.387387	0.000000	5.885994e-01
19541058.600601	0.000000	6.185759e-01
19566370.813814	0.000000	5.664070e-01
19591683.027027	0.000000	1.991032e+00
19616995.240240	0.270074	7.956035e-02
19642307.453453	0.000000	9.564388e-01
19667619.666667	0.000000	1.254356e-01
19692931.879880	0.000000	4.594161e-01
19718244.093093	0.000000	4.676371e-03
19743556.306306	0.000000	1.810791e-02
19768868.519520	0.000000	2.757384e-01
19794180.732733	0.210183	7.421875e-02
19819492.945946	0.000000	2.107262e-01
19844805.159159	0.000000	2.478909e+00
19870117.372372	1.382743	2.431840e-02
19895429.585586	0.615404	1.523449e-01
19920741.798799	0.000000	1.003176e-02
19946054.012012	0.000000	3.872469e-01
19971366.225225	0.000000	1.548837e+01
19996678.438438	0.187950	4.342108e-02
20021990.651652	0.000000	7.265455e+00
20047302.864865	0.000000	1.216439e+00
20072615.078078	0.000000	5.435258e-01
20097927.291291	0.000000	6.560502e-01
20123239.504505	0.000000	3.691797e-01
20148551.717718	0.000000	3.667738e-01
20173863.930931	0.291940	6.124795e-02
20199176.144144	0.773126	8.853123e-02
20224488.357357	0.000000	1.631021e+00
20249800.570571	0.000000	4.200127e-01
20275112.783784	0.000000	2.190430e-01
20300424.996997	0.036281	4.491561e-02
20325737.210210	0.000000	2.842915e-01
20351049.423423	0.000000	1.527173e-01
20376361.636637	0.000000	9.171765e-03
20401673.849850	0.000000	4.159468e-01
20426986.063063	0.000000	1.128814e+01
20452298.276276	0.000000	1.023566e+00
20477610.489489	0.000000	9.591937e-01
20502922.702703	0.000000	2.116301e-01
20528234.915916	0.000000	1.189994e+00
20553547.129129	0.000000	1.683235e+00
20578859.342342	0.000000	4.501521e-01
20604171.555556	0.000000	5.595855e-01
20629483.768769	0.000000	1.560938e+01
20654795.981982	0.000000	2.408680e+00
20680108.195195	0.000000	2.309828e+00
20705420.408408	0.000000	7.232581e-01
20730732.621622	0.000000	7.400000e+00
20756044.834835	0.000000	7.265455e+01
20781357.048048	0.000000	3.936946e+00
20806669.261261	0.000000	4.593105e+01
20831981.474474	0.099546	1.658640e-01
20857293.687688	0.000000	3.842308e+01
20882605.900901	0.000000	1.318812e+00
20907918.114114	1.203106	3.734834e-02
20933230.327327	0.000000	5.804766e-01
20958542.540541	0.000000	1.138462e+00
20983854.753754	0.741803	5.159713e-02
21009166.966967	0.000000	8.017657e-01
21034479.180180	0.000000	1.016794e+01
21059791.393393	0.000000	3.370162e-01
21085103.606607	0.000000	1.978218e+01
21110415.819820	0.000000	7.416482e-01
21135728.033033	0.000000	7.515519e-01
21161040.246246	0.000000	3.696578e+00
21186352.459459	0.277066	4.404057e+00
21211664.672673	0.000000	5.156130e+00
21236976.885886	0.000000	3.648983e-01
21262289.099099	0.000000	1.188225e+00
21287601.312312	0.000000	8.170111e-01
21312913.525526	0.540226	5.732973e-02
21338225.738739	0.000000	4.175549e-01
21363537.951952	0.000000	6.299859e-01
21388850.165165	4.601183	5.486139e-02
21414162.378378	0.145161	1.227228e+00
21439474.591592	0.388835	2.452103e-01
21464786.804805	0.239708	1.250591e-01
21490099.018018	0.000000	9.217994e-01
21515411.231231	0.000000	2.080167e+00
21540723.444444	0.000000	4.695652e+00
21566035.657658	0.000000	4.515255e+00
21591347.870871	0.977768	4.660235e+00
21616660.084084	0.000000	7.024082e-01
21641972.297297	0.000000	6.416186e-01
21667284.510511	0.000000	6.861264e-01
21692596.723724	1.551557	4.630507e-02
21717908.936937	0.285415	6.298452e-01
21743221.150150	0.000000	2.825624e-03
21768533.363363	0.292966	6.563926e+00
21793845.576577	0.000000	3.280789e-01
21819157.789790	0.049623	1.085078e-01
21844470.003003	0.000000	1.999000e+00
21869782.216216	0.000000	4.319067e-01
21895094.429429	0.109522	3.815651e-01
21920406.642643	0.000000	1.978806e-01
21945718.855856	0.000000	1.971873e-01
21971031.069069	0.000000	1.289032e+01
21996343.282282	0.000000	1.184808e-01
22021655.495495	0.000000	2.669340e+00
22046967.708709	0.000000	2.102052e+00
22072279.921922	0.000000	1.536923e+02
22097592.135135	0.000000	3.827587e+00
22122904.348348	0.000000	1.437411e+00
22148216.561562	0.000000	2.736987e+01
22173528.774775	0.000000	2.741305e-01
22198840.987988	0.000000	5.964180e+00
22224153.201201	0.712747	4.474757e-02
22249465.414414	0.000000	1.133617e+00
22274777.627628	0.128700	3.310553e-01
22300089.840841	0.000000	6.518761e+00
22325402.054054	0.000000	1.004525e+00
22350714.267267	0.371249	4.084660e-03
22376026.480480	0.000000	2.757384e-01
22401338.693694	0.000000	3.917647e+01
22426650.906907	0.000000	1.517661e+00
22451963.120120	0.000000	2.040858e+00
22477275.333333	0.780522	6.002712e-02
22502587.546547	0.047050	1.276661e-01
22527899.759760	0.000000	8.473139e-03
22553211.972973	0.521177	7.619773e-02
22578524.186186	0.000000	6.615895e+00
22603836.399399	0.000000	5.825075e-01
22629148.612613	0.000000	6.526213e-01
22654460.825826	0.000000	1.014729e+00
22679773.039039	0.000000	5.988313e-01
22705085.252252	1.484314	9.563123e-03
22730397.465465	0.478003	5.018509e-02
22755709.678679	0.679354	1.190554e-01
22781021.891892	0.466270	5.732259e-02
22806334.105105	0.526108	9.664663e-02
22831646.318318	0.364844	1.345264e-01
22856958.531532	0.000000	2.561538e+01
22882270.744745	0.000000	1.611290e+01
22907582.957958	0.000000	5.987416e-01
22932895.171171	0.000000	1.308448e+00
22958207.384384	0.000000	2.765973e-01
22983519.597598	0.290315	3.247501e-01
23008831.810811	0.000000	6.626866e+00
23034144.024024	0.000000	1.088532e+00
23059456.237237	0.808620	3.479439e-01
23084768.450450	0.000000	3.576801e-01
23110080.663664	0.000000	5.071068e-01
23135392.876877	0.802945	4.103513e-02
23160705.090090	0.155296	6.679616e-02
23186017.303303	0.053200	9.654991e-02
23211329.516517	1.019000	3.187482e-01
23236641.729730	0.000000	6.768294e-01
23261953.942943	0.000000	1.135227e+01
23287266.156156	0.000000	2.887284e+00
23312578.369369	0.000000	3.248781e+01
23337890.582583	3.155970	9.294239e-03
23363202.795796	0.000000	1.017312e+00
23388515.009009	0.000000	7.504228e-01
23413827.222222	0.315522	1.964704e-01
23439139.435435	0.000000	9.649847e-01
23464451.648649	0.412889	1.019672e-01
23489763.861862	1.969112	5.537434e-01
23515076.075075	0.000000	9.937828e-01
23540388.288288	0.000000	3.218169e-01
23565700.501502	0.000000	3.809707e-01
23591012.714715	0.034249	1.872611e-01
23616324.927928	0.000000	3.906159e+00
23641637.141141	0.000000	4.197479e+00
23666949.354354	0.000000	7.291972e+00
23692261.567568	0.162569	6.848184e-01
23717573.780781	0.000000	1.069593e+00
23742885.993994	0.000000	4.008025e+00
23768198.207207	1.230651	1.902889e-02
23793510.420420	0.000000	2.753584e-01
23818822.633634	0.084182	3.534951e-01
23844134.846847	0.000000	1.417022e+01
23869447.060060	0.000000	8.608361e-01
23894759.273273	0.217697	2.026664e-01
23920071.486486	0.000000	8.698720e-03
23945383.699700	0.000000	4.444939e+00
23970695.912913	0.892082	1.895606e-02
23996008.126126	0.489181	1.643552e-02
24021320.339339	1.466860	1.122643e-02
24046632.552553	0.166430	3.021547e-01
24071944.765766	0.000000	1.019908e+00
24097256.978979	0.401581	8.292830e-02
24122569.192192	0.000000	3.847117e-01
24147881.405405	0.000000	1.561676e-02
24173193.618619	0.000000	3.146457e+01
24198505.831832	0.000000	4.832509e-01
24223818.045045	0.000000	9.198896e-01
24249130.258258	0.197636	1.087834e-01
24274442.471471	0.000000	5.340105e-01
24299754.684685	0.263899	4.771116e-01
24325066.897898	0.000000	1.481098e+00
24350379.111111	0.683836	5.168434e-02
24375691.324324	0.000000	1.638377e+00
24401003.537538	0.000000	9.873496e-02
24426315.750751	0.000000	1.920231e+00
24451627.963964	0.000000	7.516930e-01
24476940.177177	0.000000	2.914236e-01
24502252.390390	0.000000	2.603257e+00
24527564.603604	0.281034	3.549407e+00
24552876.816817	0.000000	4.474804e-01
24578189.030030	0.068660	7.711076e-03
24603501.243243	0.000000	6.757992e-01
24628813.456456	0.000000	4.356739e-01
24654125.669670	0.000000	2.153122e-02
24679437.882883	0.000000	2.039817e+00
24704750.096096	0.000000	6.284007e-01
24730062.309309	0.000000	5.466200e-03
24755374.522523	0.000000	5.111282e-01
24780686.735736	0.642113	3.651499e-02
24805998.948949	0.000000	1.263837e-01
24831311.162162	0.000000	4.586778e-01
24856623.375375	0.000000	5.613938e-01
24881935.588589	0.000000	1.426633e+00
24907247.801802	0.000000	1.840542e-01
24932560.015015	0.000000	5.213989e-01
24957872.228228	0.000000	1.228028e+00
24983184.441441	0.000000	6.646045e-02
25008496.654655	0.000000	4.677515e-01
25033808.867868	0.000000	1.541072e-01
25059121.081081	0.000000	6.253522e+00
25084433.294294	0.000000	4.435073e+00
25109745.507508	0.000000	3.037399e-01
25135057.720721	0.000000	1.167398e+00
25160369.933934	0.000000	1.192125e+00
25185682.147147	0.000000	4.019717e-01
25210994.360360	0.000000	6.802861e-01
25236306.573574	0.468667	2.481976e-02
25261618.786787	0.000000	1.768142e+00
25286931.000000	0.000000	1.200000e+03
