location	LR	alpha
257.000000	0.171349	7.268929e+01
25567.352352	101.805179	3.361328e-05
50877.704705	70.596353	2.123369e-05
76188.057057	120.758677	5.565694e-06
101498.409409	102.410160	2.642691e-06
126808.761762	180.977127	1.596589e-06
152119.114114	436.385757	1.383281e-07
177429.466466	499.821055	1.330291e-07
202739.818819	680.555189	1.509483e-07
228050.171171	754.896612	1.315101e-07
253360.523524	765.898665	1.350334e-07
278670.875876	728.194776	1.395083e-07
303981.228228	637.936653	1.387323e-07
329291.580581	499.477076	1.409288e-07
354601.932933	28.407796	1.224632e-06
379912.285285	68.732225	1.184160e-06
405222.637638	498.194119	1.443426e-07
430532.989990	108.607364	2.094162e-06
455843.342342	135.292921	2.154179e-06
481153.694695	94.062211	2.488658e-06
506464.047047	47.733674	2.410158e-06
531774.399399	91.719051	1.791409e-06
557084.751752	382.212628	1.548581e-07
582395.104104	401.928970	1.528638e-07
607705.456456	544.821826	1.550347e-07
633015.808809	576.659286	1.505251e-07
658326.161161	607.000458	1.457488e-07
683636.513514	591.627064	1.614256e-07
708946.865866	644.563876	1.561272e-07
734257.218218	734.959698	1.506788e-07
759567.570571	750.513527	1.651934e-07
784877.922923	774.693176	1.606792e-07
810188.275275	781.924004	1.621861e-07
835498.627628	818.913061	1.642222e-07
860808.979980	793.946708	1.625760e-07
886119.332332	718.614481	1.633124e-07
911429.684685	658.360805	1.737555e-07
936740.037037	595.972807	1.667435e-07
962050.389389	526.036395	1.750896e-07
987360.741742	508.597845	1.759078e-07
1012671.094094	517.945852	1.838013e-07
1037981.446446	503.103679	1.853971e-07
1063291.798799	425.419206	2.288077e-07
1088602.151151	394.464324	2.223794e-07
1113912.503504	410.477957	2.369846e-07
1139222.855856	272.838855	2.898228e-07
1164533.208208	352.185633	2.755098e-07
1189843.560561	476.933276	2.610386e-07
1215153.912913	483.935330	2.535496e-07
1240464.265265	460.179139	2.946327e-07
1265774.617618	534.520080	2.317019e-07
1291084.969970	548.722094	2.770217e-07
1316395.322322	486.620281	2.680420e-07
1341705.674675	621.915064	2.646578e-07
1367016.027027	651.757223	2.820431e-07
1392326.379379	698.580629	2.746264e-07
1417636.731732	718.878410	2.743896e-07
1442947.084084	675.409854	2.750604e-07
1468257.436436	556.054418	2.802995e-07
1493567.788789	598.391205	2.963478e-07
1518878.141141	633.523430	2.588041e-07
1544188.493493	711.605639	2.571112e-07
1569498.845846	717.502243	3.007094e-07
1594809.198198	748.336775	2.768522e-07
1620119.550551	685.760403	2.705942e-07
1645429.902903	675.962779	2.539503e-07
1670740.255255	611.669465	2.749693e-07
1696050.607608	573.184319	2.874099e-07
1721360.959960	236.041289	1.293210e-06
1746671.312312	635.710657	2.680940e-07
1771981.664665	764.886762	2.686743e-07
1797292.017017	774.298701	2.907593e-07
1822602.369369	782.121088	2.701380e-07
1847912.721722	731.362543	2.980657e-07
1873223.074074	701.925296	2.985245e-07
1898533.426426	615.929819	2.984299e-07
1923843.778779	237.798364	1.286432e-06
1949154.131131	695.462518	2.327268e-07
1974464.483483	698.333145	2.773002e-07
1999774.835836	714.331629	3.150135e-07
2025085.188188	557.904578	3.330188e-07
2050395.540541	646.753930	3.108198e-07
2075705.892893	698.848089	3.073218e-07
2101016.245245	690.113660	3.393130e-07
2126326.597598	727.377875	3.324203e-07
2151636.949950	765.761865	3.480169e-07
2176947.302302	810.690170	3.511061e-07
2202257.654655	816.552370	3.615975e-07
2227568.007007	816.469694	3.690341e-07
2252878.359359	774.167804	3.769298e-07
2278188.711712	756.896181	3.857944e-07
2303499.064064	726.764434	3.965710e-07
2328809.416416	728.840752	4.077144e-07
2354119.768769	674.228652	4.209893e-07
2379430.121121	669.907605	4.343437e-07
2404740.473473	583.986027	4.517137e-07
2430050.825826	606.469769	4.630671e-07
2455361.178178	562.853990	4.759778e-07
2480671.530531	575.430003	4.950095e-07
2505981.882883	510.353098	4.813768e-07
2531292.235235	435.022701	5.053098e-07
2556602.587588	350.019719	5.641479e-07
2581912.939940	111.053262	1.347120e-06
2607223.292292	172.629758	5.809975e-07
2632533.644645	208.529565	7.447812e-07
2657843.996997	275.990618	5.171750e-07
2683154.349349	378.383388	4.809202e-07
2708464.701702	315.362395	5.334731e-07
2733775.054054	316.383184	5.241581e-07
2759085.406406	313.456611	5.184430e-07
2784395.758759	312.288179	5.199151e-07
2809706.111111	327.158936	5.375839e-07
2835016.463463	251.205776	5.220549e-07
2860326.815816	303.075926	5.450321e-07
2885637.168168	367.409788	5.311740e-07
2910947.520521	388.305640	5.523385e-07
2936257.872873	373.631581	5.437492e-07
2961568.225225	367.797107	5.095534e-07
2986878.577578	376.999396	5.011660e-07
3012188.929930	421.787084	4.843647e-07
3037499.282282	422.392834	5.387567e-07
3062809.634635	403.200005	4.953795e-07
3088119.986987	325.615519	5.022088e-07
3113430.339339	148.987756	1.430506e-06
3138740.691692	410.811092	5.219412e-07
3164051.044044	498.747332	5.268445e-07
3189361.396396	461.785821	4.917954e-07
3214671.748749	71.044045	1.446321e-06
3239982.101101	0.000011	3.438502e-01
3265292.453453	348.641133	5.121787e-07
3290602.805806	393.078758	5.673052e-07
3315913.158158	452.069166	4.440867e-07
3341223.510511	558.856365	4.866364e-07
3366533.862863	547.698090	4.696463e-07
3391844.215215	596.390955	4.630890e-07
3417154.567568	689.402523	4.938015e-07
3442464.919920	737.192979	4.382285e-07
3467775.272272	750.084696	4.390568e-07
3493085.624625	679.430250	4.616869e-07
3518395.976977	683.389234	4.801229e-07
3543706.329329	721.396700	5.046137e-07
3569016.681682	768.380205	5.007856e-07
3594327.034034	678.799520	5.020500e-07
3619637.386386	724.738876	4.772302e-07
3644947.738739	700.365629	5.170336e-07
3670258.091091	715.899723	5.116500e-07
3695568.443443	695.446046	5.153903e-07
3720878.795796	711.924853	5.224811e-07
3746189.148148	627.056243	5.430486e-07
3771499.500501	445.887265	5.702481e-07
3796809.852853	446.811789	6.032100e-07
3822120.205205	387.635292	6.130315e-07
3847430.557558	332.759697	6.216206e-07
3872740.909910	248.981073	6.290306e-07
3898051.262262	1.375541	4.549556e-04
3923361.614615	12.947900	1.601043e-06
3948671.966967	93.614745	7.997639e-07
3973982.319319	46.076649	6.529269e-06
3999292.671672	107.093667	7.895103e-07
4024603.024024	14.025887	3.025347e-05
4049913.376376	5.540988	8.219294e-05
4075223.728729	5.815362	2.407925e-04
4100534.081081	97.412933	7.228199e-07
4125844.433433	116.377171	8.622462e-07
4151154.785786	3.664917	1.993336e-04
4176465.138138	153.954267	6.635490e-07
4201775.490490	193.930771	9.739051e-07
4227085.842843	214.148636	8.945823e-07
4252396.195195	122.938207	1.839931e-06
4277706.547548	187.466064	1.113811e-06
4303016.899900	243.711021	1.006082e-06
4328327.252252	233.334486	9.818754e-07
4353637.604605	260.292397	1.005877e-06
4378947.956957	282.993530	9.018889e-07
4404258.309309	293.088221	9.578489e-07
4429568.661662	217.557818	1.086356e-06
4454879.014014	115.716380	1.653791e-06
4480189.366366	152.797115	1.786225e-06
4505499.718719	149.916376	2.297420e-06
4530810.071071	14.705222	4.241298e-06
4556120.423423	10.520224	2.639842e-05
4581430.775776	4.574140	4.340224e-04
4606741.128128	9.607033	8.982890e-05
4632051.480480	14.613483	5.105134e-05
4657361.832833	92.120943	3.619391e-06
4682672.185185	80.540360	2.852323e-06
4707982.537538	67.479779	2.356680e-06
4733292.889890	64.205478	2.585632e-06
4758603.242242	89.140081	2.386383e-06
4783913.594595	127.795187	2.687543e-06
4809223.946947	122.530467	2.520430e-06
4834534.299299	76.021421	2.649038e-06
4859844.651652	23.808108	8.857686e-06
4885155.004004	32.520591	8.769876e-06
4910465.356356	131.861453	4.692691e-06
4935775.708709	70.303062	6.527098e-06
4961086.061061	69.992219	8.311717e-06
4986396.413413	7.077091	2.347006e-05
5011706.765766	0.000011	1.684583e-01
5037017.118118	5.682509	2.739579e-04
5062327.470470	0.287068	3.476819e-01
5087637.822823	0.000020	8.560593e-02
5112948.175175	3.630442	3.761802e-04
5138258.527528	3.155435	4.543852e-04
5163568.879880	2.372609	9.029495e-04
5188879.232232	45.641481	1.210026e-05
5214189.584585	0.692231	1.064514e-03
5239499.936937	17.110265	4.837597e-05
5264810.289289	0.303702	1.527607e-02
5290120.641642	3.422245	3.491471e-04
5315430.993994	7.468509	1.564880e-04
5340741.346346	1.348307	6.087378e-04
5366051.698699	1.571768	9.548516e-06
5391362.051051	41.959712	5.423487e-06
5416672.403403	60.722893	6.986911e-06
5441982.755756	86.198888	5.888984e-06
5467293.108108	1.595904	6.653907e-04
5492603.460460	6.149094	1.252642e-04
5517913.812813	6.369402	2.376057e-04
5543224.165165	0.000011	6.540098e+00
5568534.517518	18.990707	2.194894e-05
5593844.869870	3.079669	1.941958e-04
5619155.222222	0.008687	1.988029e-03
5644465.574575	26.484576	1.350579e-05
5669775.926927	67.991642	3.074261e-06
5695086.279279	90.819898	2.232289e-06
5720396.631632	1.562915	3.090758e-03
5745706.983984	227.261226	1.796754e-06
5771017.336336	276.781408	1.539462e-06
5796327.688689	319.583026	1.406833e-06
5821638.041041	345.153327	1.099495e-06
5846948.393393	309.432322	8.217782e-07
5872258.745746	249.366608	1.172546e-06
5897569.098098	402.366506	5.952432e-07
5922879.450450	439.526757	6.331646e-07
5948189.802803	433.164824	5.964996e-07
5973500.155155	606.037686	5.624391e-07
5998810.507508	682.895838	5.250139e-07
6024120.859860	709.472906	5.265112e-07
6049431.212212	745.254050	4.694455e-07
6074741.564565	705.350014	4.816000e-07
6100051.916917	733.852773	4.677141e-07
6125362.269269	714.143068	4.475380e-07
6150672.621622	709.701258	4.650518e-07
6175982.973974	655.334527	4.423237e-07
6201293.326326	733.423104	4.282527e-07
6226603.678679	685.880992	4.496434e-07
6251914.031031	560.959324	4.717677e-07
6277224.383383	402.159256	5.033989e-07
6302534.735736	386.622713	5.783479e-07
6327845.088088	179.761966	1.212241e-06
6353155.440440	60.885417	2.304265e-05
6378465.792793	70.019591	1.768949e-05
6403776.145145	65.267730	1.719170e-05
6429086.497497	142.929467	5.433334e-07
6454396.849850	314.979567	4.319610e-07
6479707.202202	482.202047	4.045796e-07
6505017.554555	770.836029	3.497154e-07
6530327.906907	902.559882	3.276318e-07
6555638.259259	1043.163708	3.167128e-07
6580948.611612	1221.562584	2.905078e-07
6606258.963964	1259.715531	2.670195e-07
6631569.316316	1406.061070	2.591536e-07
6656879.668669	1477.831426	2.581484e-07
6682190.021021	1526.188224	2.392900e-07
6707500.373373	1575.639036	2.313544e-07
6732810.725726	1635.699742	2.461986e-07
6758121.078078	1649.036060	2.350061e-07
6783431.430430	1631.760725	2.186610e-07
6808741.782783	1755.367506	2.083766e-07
6834052.135135	1809.522185	2.130367e-07
6859362.487487	1848.271672	2.061960e-07
6884672.839840	1885.329901	1.909855e-07
6909983.192192	1929.132442	2.046448e-07
6935293.544545	1982.173963	2.021731e-07
6960603.896897	1993.919584	2.039438e-07
6985914.249249	2022.736715	1.884762e-07
7011224.601602	2078.622994	1.909845e-07
7036534.953954	2092.922794	1.810229e-07
7061845.306306	2117.966890	1.850529e-07
7087155.658659	2157.479618	1.830996e-07
7112466.011011	2174.510271	1.783510e-07
7137776.363363	2150.951966	1.787180e-07
7163086.715716	2144.967995	1.754279e-07
7188397.068068	2157.793515	1.855371e-07
7213707.420420	2218.806133	1.765919e-07
7239017.772773	2225.114545	1.753075e-07
7264328.125125	2269.927489	1.673319e-07
7289638.477477	2304.388115	1.651137e-07
7314948.829830	2300.359871	1.631487e-07
7340259.182182	2285.181537	1.640525e-07
7365569.534535	2319.220428	1.684086e-07
7390879.886887	2357.033429	1.652748e-07
7416190.239239	2335.578346	1.617012e-07
7441500.591592	2400.524891	1.615194e-07
7466810.943944	2412.303913	1.697588e-07
7492121.296296	2457.758809	1.597402e-07
7517431.648649	2478.038714	1.529440e-07
7542742.001001	2443.927090	1.634980e-07
7568052.353353	2463.776463	1.566137e-07
7593362.705706	2429.594857	1.516697e-07
7618673.058058	2389.751367	1.504219e-07
7643983.410410	2469.788397	1.530222e-07
7669293.762763	2511.075922	1.539247e-07
7694604.115115	2531.713859	1.575375e-07
7719914.467467	2537.132754	1.491728e-07
7745224.819820	2510.021583	1.466801e-07
7770535.172172	2510.310048	1.509795e-07
7795845.524525	2538.422148	1.496963e-07
7821155.876877	2500.291688	1.460804e-07
7846466.229229	2518.979164	1.573546e-07
7871776.581582	2504.527855	1.556840e-07
7897086.933934	2517.224346	1.448869e-07
7922397.286286	2512.848628	1.506603e-07
7947707.638639	2490.362517	1.449191e-07
7973017.990991	2533.713193	1.460946e-07
7998328.343343	2461.147492	1.536304e-07
8023638.695696	2454.685641	1.464909e-07
8048949.048048	2549.197575	1.468922e-07
8074259.400400	2596.092234	1.387673e-07
8099569.752753	2616.192168	1.439150e-07
8124880.105105	2625.129025	1.380559e-07
8150190.457457	2612.642935	1.473538e-07
8175500.809810	2488.684018	1.587131e-07
8200811.162162	2552.393313	1.422981e-07
8226121.514515	2651.343488	1.473965e-07
8251431.866867	2684.606316	1.399458e-07
8276742.219219	2663.221570	1.427437e-07
8302052.571572	2615.914363	1.388052e-07
8327362.923924	2659.717630	1.356663e-07
8352673.276276	2691.125250	1.327416e-07
8377983.628629	2661.955375	1.415550e-07
8403293.980981	2632.777710	1.408987e-07
8428604.333333	2580.017753	1.420988e-07
8453914.685686	2548.907504	1.422960e-07
8479225.038038	2495.867320	1.387555e-07
8504535.390390	2482.974649	1.395068e-07
8529845.742743	2452.896848	1.405927e-07
8555156.095095	2420.721042	1.399307e-07
8580466.447447	2458.335135	1.476294e-07
8605776.799800	2534.263233	1.460880e-07
8631087.152152	2584.613495	1.343637e-07
8656397.504505	2627.019109	1.346822e-07
8681707.856857	2704.737413	1.407374e-07
8707018.209209	2743.081897	1.389788e-07
8732328.561562	2782.627240	1.381730e-07
8757638.913914	2781.412229	1.387427e-07
8782949.266266	2804.103822	1.433019e-07
8808259.618619	2824.665157	1.346891e-07
8833569.970971	2856.495654	1.381983e-07
8858880.323323	2853.490480	1.332678e-07
8884190.675676	2877.187437	1.376050e-07
8909501.028028	2814.543389	1.346546e-07
8934811.380380	2878.725379	1.252442e-07
8960121.732733	2889.981836	1.333330e-07
8985432.085085	2868.984935	1.310690e-07
9010742.437437	2836.921994	1.461657e-07
9036052.789790	2828.994774	1.327970e-07
9061363.142142	2788.608542	1.374915e-07
9086673.494494	2833.990266	1.368338e-07
9111983.846847	2876.941650	1.344156e-07
9137294.199199	2861.784490	1.337090e-07
9162604.551552	2830.785014	1.413924e-07
9187914.903904	2832.516440	1.370749e-07
9213225.256256	2741.588672	1.370183e-07
9238535.608609	2769.596097	1.270220e-07
9263845.960961	2809.724207	1.310836e-07
9289156.313313	2810.885577	1.343596e-07
9314466.665666	2757.840550	1.335468e-07
9339777.018018	2744.238014	1.326836e-07
9365087.370370	2754.558121	1.343953e-07
9390397.722723	2668.298530	1.328765e-07
9415708.075075	2703.064420	1.350326e-07
9441018.427427	2740.879504	1.397063e-07
9466328.779780	2766.846436	1.336922e-07
9491639.132132	2743.063607	1.357950e-07
9516949.484484	2688.714361	1.317579e-07
9542259.836837	2693.196653	1.331095e-07
9567570.189189	2666.213683	1.248004e-07
9592880.541542	2631.464891	1.258562e-07
9618190.893894	2526.059073	1.324334e-07
9643501.246246	2573.208575	1.313920e-07
9668811.598599	2502.649175	1.387927e-07
9694121.950951	2549.870590	1.392156e-07
9719432.303303	2545.791806	1.311877e-07
9744742.655656	2436.371688	1.417692e-07
9770053.008008	2495.041510	1.291382e-07
9795363.360360	2510.063557	1.356036e-07
9820673.712713	2502.584989	1.422091e-07
9845984.065065	2438.343930	1.434674e-07
9871294.417417	2217.088810	1.358243e-07
9896604.769770	2406.892128	1.322871e-07
9921915.122122	2370.940749	1.367521e-07
9947225.474474	2371.023707	1.396538e-07
9972535.826827	2401.337850	1.348697e-07
9997846.179179	2310.378098	1.419664e-07
10023156.531532	2353.959697	1.298716e-07
10048466.883884	2342.376491	1.374597e-07
10073777.236236	2439.238865	1.451409e-07
10099087.588589	2473.599479	1.306565e-07
10124397.940941	2391.603824	1.308054e-07
10149708.293293	2484.426417	1.365465e-07
10175018.645646	2476.221074	1.335142e-07
10200328.997998	2491.922156	1.321230e-07
10225639.350350	2551.882973	1.357948e-07
10250949.702703	2614.643148	1.290957e-07
10276260.055055	2621.734928	1.378605e-07
10301570.407407	2620.229781	1.378848e-07
10326880.759760	2593.500163	1.356630e-07
10352191.112112	2534.402106	1.385333e-07
10377501.464464	2439.941034	1.326349e-07
10402811.816817	2463.761454	1.318534e-07
10428122.169169	2464.887034	1.426840e-07
10453432.521522	2482.082740	1.363441e-07
10478742.873874	2484.123210	1.384318e-07
10504053.226226	2495.821708	1.469387e-07
10529363.578579	2367.463490	1.413765e-07
10554673.930931	2361.717029	1.377290e-07
10579984.283283	2450.391839	1.435082e-07
10605294.635636	2447.281358	1.399979e-07
10630604.987988	2485.911144	1.401977e-07
10655915.340340	2453.957852	1.420102e-07
10681225.692693	2467.460885	1.331648e-07
10706536.045045	2491.493613	1.364905e-07
10731846.397397	2478.100822	1.445907e-07
10757156.749750	2391.013518	1.436328e-07
10782467.102102	2360.618867	1.416381e-07
10807777.454454	2385.769131	1.413425e-07
10833087.806807	2358.874037	1.419537e-07
10858398.159159	2301.159361	1.361222e-07
10883708.511512	2356.476843	1.356246e-07
10909018.863864	2294.458986	1.342686e-07
10934329.216216	2226.874445	1.345271e-07
10959639.568569	2272.364351	1.405748e-07
10984949.920921	2302.897255	1.388586e-07
11010260.273273	2322.050404	1.316388e-07
11035570.625626	2311.090338	1.361980e-07
11060880.977978	2270.350599	1.407194e-07
11086191.330330	2213.836226	1.447730e-07
11111501.682683	95.344965	1.881694e-06
11136812.035035	2050.703777	1.303577e-07
11162122.387387	0.271170	5.532698e-04
11187432.739740	2.735884	1.651351e-04
11212743.092092	2104.210839	1.375787e-07
11238053.444444	2177.547105	1.285280e-07
11263363.796797	2204.443989	1.340631e-07
11288674.149149	2269.354399	1.512835e-07
11313984.501502	2307.838686	1.438888e-07
11339294.853854	2288.996707	1.458377e-07
11364605.206206	105.712498	1.966574e-06
11389915.558559	2354.631913	1.365640e-07
11415225.910911	2403.725449	1.391140e-07
11440536.263263	2449.441292	1.476187e-07
11465846.615616	2485.561697	1.342119e-07
11491156.967968	2454.807219	1.280868e-07
11516467.320320	2473.475746	1.464572e-07
11541777.672673	2489.361173	1.347463e-07
11567088.025025	2482.140730	1.411950e-07
11592398.377377	2514.226342	1.436259e-07
11617708.729730	2481.786322	1.401377e-07
11643019.082082	2466.804130	1.356672e-07
11668329.434434	2412.518917	1.386641e-07
11693639.786787	2515.971056	1.369733e-07
11718950.139139	2531.850368	1.364057e-07
11744260.491491	2555.485774	1.382763e-07
11769570.843844	2565.719263	1.391111e-07
11794881.196196	2549.502455	1.402757e-07
11820191.548549	2531.735854	1.404887e-07
11845501.900901	2527.132621	1.356180e-07
11870812.253253	2508.077165	1.418829e-07
11896122.605606	2473.667163	1.307417e-07
11921432.957958	2358.394371	1.454829e-07
11946743.310310	2347.993087	1.324144e-07
11972053.662663	2328.026100	1.442947e-07
11997364.015015	2393.149047	1.431027e-07
12022674.367367	2415.031467	1.300820e-07
12047984.719720	2402.503003	1.403248e-07
12073295.072072	2348.360113	1.406518e-07
12098605.424424	2213.921519	1.361683e-07
12123915.776777	2249.660332	1.378858e-07
12149226.129129	2226.257317	1.537452e-07
12174536.481481	2185.510080	1.488284e-07
12199846.833834	2105.772632	1.487153e-07
12225157.186186	6.929735	7.006600e-05
12250467.538539	9.461503	6.565568e-05
12275777.890891	2088.918602	1.575503e-07
12301088.243243	2085.039765	1.397308e-07
12326398.595596	2055.609441	1.379559e-07
12351708.947948	76.465427	1.904500e-06
12377019.300300	2068.372474	1.415254e-07
12402329.652653	2094.192271	1.443998e-07
12427640.005005	2107.858741	1.336967e-07
12452950.357357	2155.229783	1.280548e-07
12478260.709710	2045.901329	1.358020e-07
12503571.062062	0.592988	3.650110e-03
12528881.414414	2196.166207	1.343683e-07
12554191.766767	2265.710755	1.403864e-07
12579502.119119	2278.742657	1.366028e-07
12604812.471471	2265.960614	1.529645e-07
12630122.823824	2306.397419	1.333818e-07
12655433.176176	2349.671880	1.323608e-07
12680743.528529	2345.300719	1.400386e-07
12706053.880881	2356.763827	1.359246e-07
12731364.233233	2372.136279	1.338268e-07
12756674.585586	2375.609024	1.397187e-07
12781984.937938	2313.433185	1.369476e-07
12807295.290290	2267.641366	1.342200e-07
12832605.642643	2255.617550	1.389379e-07
12857915.994995	2340.340452	1.290887e-07
12883226.347347	2424.947313	1.315893e-07
12908536.699700	2476.106296	1.306624e-07
12933847.052052	2536.237997	1.426947e-07
12959157.404404	2594.189549	1.365017e-07
12984467.756757	2618.899598	1.355268e-07
13009778.109109	2632.526485	1.384769e-07
13035088.461461	2626.219045	1.334516e-07
13060398.813814	2679.330104	1.332855e-07
13085709.166166	2685.285408	1.369378e-07
13111019.518519	2739.634843	1.351296e-07
13136329.870871	2776.914083	1.336518e-07
13161640.223223	2805.772524	1.354604e-07
13186950.575576	2812.583018	1.349270e-07
13212260.927928	2808.721501	1.354445e-07
13237571.280280	2798.816821	1.357421e-07
13262881.632633	2753.847444	1.349898e-07
13288191.984985	2727.448482	1.356707e-07
13313502.337337	2707.198249	1.361803e-07
13338812.689690	2708.259137	1.338155e-07
13364123.042042	2639.833475	1.355946e-07
13389433.394394	2601.910734	1.360314e-07
13414743.746747	2647.004335	1.421503e-07
13440054.099099	2563.150470	1.332314e-07
13465364.451451	2544.190411	1.394761e-07
13490674.803804	2625.453031	1.438049e-07
13515985.156156	2618.959481	1.349404e-07
13541295.508509	2531.384452	1.371722e-07
13566605.860861	2521.947909	1.359682e-07
13591916.213213	2523.275187	1.346980e-07
13617226.565566	2484.723173	1.419722e-07
13642536.917918	2386.972619	1.445756e-07
13667847.270270	2440.386429	1.440268e-07
13693157.622623	2470.438010	1.350166e-07
13718467.974975	2520.457780	1.348439e-07
13743778.327327	2561.701168	1.317830e-07
13769088.679680	2575.689942	1.429697e-07
13794399.032032	2546.278693	1.308779e-07
13819709.384384	2607.010047	1.355722e-07
13845019.736737	2631.245000	1.429590e-07
13870330.089089	2642.959753	1.347690e-07
13895640.441441	2583.138500	1.435818e-07
13920950.793794	2451.475464	1.363438e-07
13946261.146146	2521.453960	1.370006e-07
13971571.498498	2532.436445	1.321214e-07
13996881.850851	2517.917084	1.385584e-07
14022192.203203	2507.827891	1.379807e-07
14047502.555556	2473.023825	1.353972e-07
14072812.907908	2418.747870	1.360329e-07
14098123.260260	2446.055125	1.332380e-07
14123433.612613	2371.382633	1.366230e-07
14148743.964965	2309.037806	1.421581e-07
14174054.317317	2145.890296	1.383790e-07
14199364.669670	28.630632	3.752518e-05
14224675.022022	2274.439303	1.409472e-07
14249985.374374	2443.728221	1.373836e-07
14275295.726727	2513.714952	1.363617e-07
14300606.079079	2551.984188	1.378086e-07
14325916.431431	2567.746146	1.379353e-07
14351226.783784	2584.965614	1.381109e-07
14376537.136136	2578.709435	1.359888e-07
14401847.488488	2565.014992	1.326910e-07
14427157.840841	2542.023957	1.318830e-07
14452468.193193	2536.274144	1.352028e-07
14477778.545546	2398.729663	1.304619e-07
14503088.897898	2516.455729	1.348064e-07
14528399.250250	2487.331323	1.341210e-07
14553709.602603	2461.443301	1.342125e-07
14579019.954955	2433.805984	1.329854e-07
14604330.307307	2550.615364	1.370465e-07
14629640.659660	2498.894303	1.303085e-07
14654951.012012	2557.140149	1.372262e-07
14680261.364364	2588.283535	1.333039e-07
14705571.716717	2550.592831	1.286269e-07
14730882.069069	2520.944066	1.226808e-07
14756192.421421	2544.871948	1.369209e-07
14781502.773774	2542.576442	1.344070e-07
14806813.126126	2486.556845	1.358674e-07
14832123.478478	2380.628199	1.363054e-07
14857433.830831	2374.014388	1.281354e-07
14882744.183183	2291.952645	1.269941e-07
14908054.535536	2319.743667	1.224401e-07
14933364.887888	2322.387393	1.348863e-07
14958675.240240	2380.118850	1.404321e-07
14983985.592593	2446.704883	1.226904e-07
15009295.944945	2448.527752	1.294729e-07
15034606.297297	2530.887630	1.258742e-07
15059916.649650	2517.047979	1.255618e-07
15085227.002002	2484.634557	1.375503e-07
15110537.354354	2508.126675	1.275285e-07
15135847.706707	2484.149394	1.331614e-07
15161158.059059	2409.840328	1.222916e-07
15186468.411411	2302.588109	1.297958e-07
15211778.763764	2240.425949	1.229357e-07
15237089.116116	2109.343012	1.391822e-07
15262399.468468	2316.705642	1.304106e-07
15287709.820821	2308.402613	1.217506e-07
15313020.173173	2346.995005	1.279458e-07
15338330.525526	2318.173855	1.211061e-07
15363640.877878	2344.160054	1.203380e-07
15388951.230230	2424.792579	1.298780e-07
15414261.582583	2464.094196	1.187443e-07
15439571.934935	2496.279123	1.186362e-07
15464882.287287	2540.205455	1.324674e-07
15490192.639640	2526.322670	1.224301e-07
15515502.991992	2584.754437	1.272631e-07
15540813.344344	2651.263537	1.271479e-07
15566123.696697	2666.606605	1.215614e-07
15591434.049049	2660.858873	1.264309e-07
15616744.401401	2681.463492	1.256770e-07
15642054.753754	2688.159907	1.257454e-07
15667365.106106	2685.851938	1.228076e-07
15692675.458458	2640.707384	1.235728e-07
15717985.810811	2667.053847	1.237042e-07
15743296.163163	2683.382516	1.206307e-07
15768606.515516	2678.414619	1.281544e-07
15793916.867868	2679.720419	1.245504e-07
15819227.220220	2640.823098	1.233162e-07
15844537.572573	2665.776396	1.243753e-07
15869847.924925	2651.682681	1.167798e-07
15895158.277277	2617.534151	1.232628e-07
15920468.629630	2561.932625	1.166122e-07
15945778.981982	2479.417146	1.251834e-07
15971089.334334	0.110547	8.796407e-03
15996399.686687	2469.490500	1.175232e-07
16021710.039039	2611.214857	1.225320e-07
16047020.391391	2693.549217	1.180765e-07
16072330.743744	2749.909763	1.193555e-07
16097641.096096	2794.588083	1.160056e-07
16122951.448448	2803.625483	1.261180e-07
16148261.800801	2821.588688	1.194247e-07
16173572.153153	2888.639169	1.178884e-07
16198882.505506	2926.012221	1.196880e-07
16224192.857858	2943.588856	1.182245e-07
16249503.210210	2950.200482	1.181645e-07
16274813.562563	2969.837841	1.196739e-07
16300123.914915	2933.050771	1.166127e-07
16325434.267267	3002.615445	1.180438e-07
16350744.619620	3007.544204	1.180496e-07
16376054.971972	2971.906785	1.157583e-07
16401365.324324	2984.106112	1.190731e-07
16426675.676677	2985.836179	1.179554e-07
16451986.029029	2936.793529	1.175175e-07
16477296.381381	2934.884700	1.180910e-07
16502606.733734	2940.805745	1.177552e-07
16527917.086086	2897.733036	1.138018e-07
16553227.438438	2905.222389	1.194850e-07
16578537.790791	2885.422754	1.172972e-07
16603848.143143	2925.492643	1.159050e-07
16629158.495495	2943.863149	1.153999e-07
16654468.847848	2904.401765	1.164335e-07
16679779.200200	2896.727467	1.194273e-07
16705089.552553	2894.845814	1.176761e-07
16730399.904905	2925.372259	1.152381e-07
16755710.257257	2929.131682	1.252541e-07
16781020.609610	2891.220949	1.228020e-07
16806330.961962	2905.192175	1.178079e-07
16831641.314314	2867.850182	1.226282e-07
16856951.666667	2908.077207	1.197999e-07
16882262.019019	2906.718105	1.139816e-07
16907572.371371	2898.106869	1.207227e-07
16932882.723724	2914.874450	1.199302e-07
16958193.076076	2919.071490	1.150806e-07
16983503.428428	2858.807545	1.128001e-07
17008813.780781	2926.324563	1.163510e-07
17034124.133133	2953.098643	1.093616e-07
17059434.485485	2942.155545	1.145787e-07
17084744.837838	2879.444945	1.122229e-07
17110055.190190	2853.954915	1.153089e-07
17135365.542543	2761.324184	1.150422e-07
17160675.894895	2735.766403	1.235105e-07
17185986.247247	2806.924681	1.088342e-07
17211296.599600	2821.759903	1.184833e-07
17236606.951952	2815.786956	1.153403e-07
17261917.304304	2833.037458	1.172301e-07
17287227.656657	2840.558198	1.134789e-07
17312538.009009	2817.097137	1.105180e-07
17337848.361361	2825.365988	1.139350e-07
17363158.713714	2864.225335	1.118020e-07
17388469.066066	2859.750383	1.180069e-07
17413779.418418	2872.428610	1.154495e-07
17439089.770771	2857.624577	1.131646e-07
17464400.123123	2850.883354	1.097785e-07
17489710.475475	2851.526589	1.120490e-07
17515020.827828	2854.487484	1.149016e-07
17540331.180180	2841.668837	1.146152e-07
17565641.532533	2805.293753	1.162508e-07
17590951.884885	2753.546344	1.207829e-07
17616262.237237	2593.807829	9.534106e-08
17641572.589590	2574.699305	1.149662e-07
17666882.941942	2625.122378	1.129764e-07
17692193.294294	2607.976025	1.142302e-07
17717503.646647	2594.928452	1.124011e-07
17742813.998999	2566.112122	1.125580e-07
17768124.351351	2533.854744	1.152826e-07
17793434.703704	2484.652498	1.115104e-07
17818745.056056	2471.620408	1.149950e-07
17844055.408408	2406.429150	1.147668e-07
17869365.760761	2327.645592	1.084308e-07
17894676.113113	2223.475107	1.201809e-07
17919986.465465	2232.774937	1.215408e-07
17945296.817818	2147.018940	1.181016e-07
17970607.170170	2046.681954	1.081756e-07
17995917.522523	2105.895292	1.122684e-07
18021227.874875	1863.947837	1.079004e-07
18046538.227227	1992.914195	1.210200e-07
18071848.579580	2085.699219	1.074623e-07
18097158.931932	2164.434335	1.133595e-07
18122469.284284	2213.346571	1.213102e-07
18147779.636637	2255.340477	1.216825e-07
18173089.988989	2242.488581	1.132785e-07
18198400.341341	2233.744635	1.131667e-07
18223710.693694	2228.620697	1.083142e-07
18249021.046046	2193.212175	1.165486e-07
18274331.398398	2163.145060	1.073412e-07
18299641.750751	2132.902530	1.105521e-07
18324952.103103	2103.231136	1.161570e-07
18350262.455455	2081.829712	1.063725e-07
18375572.807808	2034.393183	1.085052e-07
18400883.160160	1901.828467	1.099657e-07
18426193.512513	1982.300349	1.073794e-07
18451503.864865	1928.665614	1.205932e-07
18476814.217217	1814.074607	1.269174e-07
18502124.569570	1807.541038	1.170537e-07
18527434.921922	1790.567607	1.094488e-07
18552745.274274	1804.538853	1.131025e-07
18578055.626627	1749.561265	1.048549e-07
18603365.978979	1658.504293	1.198507e-07
18628676.331331	1801.496322	1.083913e-07
18653986.683684	1794.303982	1.053003e-07
18679297.036036	1723.728195	1.130237e-07
18704607.388388	1779.051106	1.063481e-07
18729917.740741	191.463123	1.390523e-06
18755228.093093	1690.494497	1.050414e-07
18780538.445445	85.217087	1.463904e-06
18805848.797798	1772.453663	1.181651e-07
18831159.150150	1887.466669	1.079930e-07
18856469.502503	1911.758236	1.134443e-07
18881779.854855	1993.523132	1.152644e-07
18907090.207207	2017.713439	1.189709e-07
18932400.559560	2015.943498	1.154892e-07
18957710.911912	1980.400520	1.075051e-07
18983021.264264	1876.327808	1.151201e-07
19008331.616617	1835.102770	1.167155e-07
19033641.968969	1895.806723	1.124442e-07
19058952.321321	1959.427644	1.178139e-07
19084262.673674	1995.051155	1.063792e-07
19109573.026026	2044.898026	1.187954e-07
19134883.378378	2117.811824	1.148948e-07
19160193.730731	2117.898142	1.174506e-07
19185504.083083	2070.205106	1.155737e-07
19210814.435435	2114.154210	1.134088e-07
19236124.787788	2171.787099	1.190507e-07
19261435.140140	2218.351929	1.174535e-07
19286745.492492	2242.538835	1.122244e-07
19312055.844845	2235.530172	1.191392e-07
19337366.197197	2224.549487	1.188784e-07
19362676.549550	2246.392634	1.157302e-07
19387986.901902	2237.626821	1.131638e-07
19413297.254254	2246.247082	1.147735e-07
19438607.606607	2247.869610	1.165469e-07
19463917.958959	2224.204479	1.161477e-07
19489228.311311	2212.011808	1.183089e-07
19514538.663664	2155.151232	1.158640e-07
19539849.016016	2078.499810	1.171022e-07
19565159.368368	2090.329579	1.170729e-07
19590469.720721	2045.306926	1.190041e-07
19615780.073073	1964.424039	1.136206e-07
19641090.425425	1880.111747	1.206042e-07
19666400.777778	1828.076119	1.226005e-07
19691711.130130	1668.527972	1.242519e-07
19717021.482482	1378.936359	1.254711e-07
19742331.834835	73.704856	7.845231e-05
19767642.187187	75.260161	4.710465e-05
19792952.539540	1494.715959	1.189449e-07
19818262.891892	1715.428752	1.176921e-07
19843573.244244	1838.357583	1.184306e-07
19868883.596597	1902.667139	1.162288e-07
19894193.948949	1957.674157	1.199769e-07
19919504.301301	1988.031406	1.148166e-07
19944814.653654	1981.709567	1.135457e-07
19970125.006006	2025.110272	1.074420e-07
19995435.358358	2090.705173	1.115643e-07
20020745.710711	2144.982257	1.152545e-07
20046056.063063	2135.000920	1.092762e-07
20071366.415415	2153.777720	1.109258e-07
20096676.767768	2207.670284	1.104501e-07
20121987.120120	2249.482995	1.154727e-07
20147297.472472	2283.203236	1.070968e-07
20172607.824825	2313.770258	1.119231e-07
20197918.177177	2329.297017	1.105038e-07
20223228.529530	2340.983692	1.105641e-07
20248538.881882	2362.375581	1.089383e-07
20273849.234234	2359.308890	1.072834e-07
20299159.586587	2358.293227	1.093983e-07
20324469.938939	2300.036344	1.057151e-07
20349780.291291	2267.636725	1.085046e-07
20375090.643644	2275.992017	1.116672e-07
20400400.995996	2219.615442	1.110393e-07
20425711.348348	2249.423939	1.027113e-07
20451021.700701	2225.995568	1.072065e-07
20476332.053053	2238.870531	1.069906e-07
20501642.405405	2159.174960	1.035672e-07
20526952.757758	2168.499083	1.067789e-07
20552263.110110	2170.837022	1.176868e-07
20577573.462462	2305.919719	1.080589e-07
20602883.814815	2340.639229	1.049242e-07
20628194.167167	2369.906580	1.031953e-07
20653504.519520	2363.659304	1.063873e-07
20678814.871872	2300.903161	1.047037e-07
20704125.224224	2291.985698	1.034324e-07
20729435.576577	2300.128269	1.055720e-07
20754745.928929	2234.621958	1.099122e-07
20780056.281281	1913.334479	1.013075e-07
20805366.633634	2153.719214	1.068129e-07
20830676.985986	2172.793789	1.029953e-07
20855987.338338	2205.217182	1.058398e-07
20881297.690691	2306.176335	1.027576e-07
20906608.043043	2356.343838	9.772987e-08
20931918.395395	2397.710503	1.039126e-07
20957228.747748	2409.827003	1.016329e-07
20982539.100100	2435.931709	1.005956e-07
21007849.452452	2466.577282	9.950673e-08
21033159.804805	2475.621015	1.008682e-07
21058470.157157	2476.702206	1.041094e-07
21083780.509510	2461.793381	1.025837e-07
21109090.861862	2453.641627	1.009739e-07
21134401.214214	2423.766434	1.068179e-07
21159711.566567	2392.894345	9.719149e-08
21185021.918919	2384.673616	1.039190e-07
21210332.271271	2353.232322	1.003313e-07
21235642.623624	2297.391115	1.008399e-07
21260952.975976	2344.296129	1.034664e-07
21286263.328328	2372.958210	1.008128e-07
21311573.680681	2352.944713	1.006665e-07
21336884.033033	2285.667217	1.020668e-07
21362194.385385	2124.192130	1.057521e-07
21387504.737738	2169.954290	9.886606e-08
21412815.090090	2159.683865	1.013575e-07
21438125.442442	2151.624130	9.752059e-08
21463435.794795	2193.968306	1.049557e-07
21488746.147147	2296.957976	9.717015e-08
21514056.499499	2320.479206	1.011399e-07
21539366.851852	2281.421766	9.654511e-08
21564677.204204	2303.915856	9.429964e-08
21589987.556557	2290.509729	1.009987e-07
21615297.908909	2310.085147	9.575859e-08
21640608.261261	2309.062679	9.770777e-08
21665918.613614	2258.444234	9.663759e-08
21691228.965966	2225.950514	9.564886e-08
21716539.318318	2178.491260	9.464309e-08
21741849.670671	2138.121736	9.383087e-08
21767160.023023	2057.783225	9.406513e-08
21792470.375375	2211.843957	9.530039e-08
21817780.727728	2235.358455	9.551839e-08
21843091.080080	2222.922372	9.830777e-08
21868401.432432	2266.677679	9.144786e-08
21893711.784785	2282.156095	9.393013e-08
21919022.137137	2289.572958	9.758479e-08
21944332.489489	2265.774815	9.339254e-08
21969642.841842	2260.081936	9.600140e-08
21994953.194194	2256.018588	9.310401e-08
22020263.546547	2182.824400	9.794449e-08
22045573.898899	2177.307510	9.250603e-08
22070884.251251	2178.368909	8.917932e-08
22096194.603604	2187.701453	9.500166e-08
22121504.955956	2169.436841	9.254696e-08
22146815.308308	2238.333087	9.253076e-08
22172125.660661	2265.734447	9.284215e-08
22197436.013013	2225.481709	9.809971e-08
22222746.365365	2223.970023	9.357580e-08
22248056.717718	2225.829551	1.020575e-07
22273367.070070	2210.598038	8.916550e-08
22298677.422422	2100.196017	8.635574e-08
22323987.774775	2216.850165	9.607074e-08
22349298.127127	2232.930266	9.771428e-08
22374608.479479	2254.363554	9.195684e-08
22399918.831832	2242.247781	9.415751e-08
22425229.184184	2227.377819	9.061567e-08
22450539.536537	2167.091370	9.175283e-08
22475849.888889	2144.816310	9.167218e-08
22501160.241241	2104.017153	8.303708e-08
22526470.593594	2033.918974	8.621043e-08
22551780.945946	2054.975159	8.231156e-08
22577091.298298	2003.335379	9.149093e-08
22602401.650651	2034.573266	8.882510e-08
22627712.003003	1980.945128	9.764042e-08
22653022.355355	2087.051376	8.960250e-08
22678332.707708	2097.768506	9.394853e-08
22703643.060060	2103.685877	9.036829e-08
22728953.412412	2036.992061	8.723316e-08
22754263.764765	2016.730249	9.220187e-08
22779574.117117	1922.620819	9.006215e-08
22804884.469469	2006.051468	9.213032e-08
22830194.821822	2029.377730	9.074630e-08
22855505.174174	2053.532497	9.573385e-08
22880815.526527	2076.493547	8.981539e-08
22906125.878879	1983.483570	9.443623e-08
22931436.231231	2010.447186	9.151467e-08
22956746.583584	1931.238757	8.831499e-08
22982056.935936	1890.664658	9.069856e-08
23007367.288288	2039.630894	8.657662e-08
23032677.640641	2048.860458	9.281819e-08
23057987.992993	2025.195564	8.666713e-08
23083298.345345	1999.490590	8.654813e-08
23108608.697698	2009.604852	9.177016e-08
23133919.050050	1962.019487	8.669278e-08
23159229.402402	1965.898305	8.931032e-08
23184539.754755	1956.677380	8.613106e-08
23209850.107107	1974.128210	9.082290e-08
23235160.459459	1947.812401	8.441205e-08
23260470.811812	1953.362761	9.089988e-08
23285781.164164	1818.988452	8.472697e-08
23311091.516517	1920.548722	9.473523e-08
23336401.868869	1975.042438	8.351783e-08
23361712.221221	1984.056971	7.800876e-08
23387022.573574	1935.351827	8.241602e-08
23412332.925926	1879.401077	8.557636e-08
23437643.278278	1865.650137	8.502354e-08
23462953.630631	1866.791492	9.000411e-08
23488263.982983	1888.970488	8.983789e-08
23513574.335335	1897.512150	7.632984e-08
23538884.687688	1983.053775	8.379238e-08
23564195.040040	1965.680132	7.928733e-08
23589505.392392	1948.778066	8.280204e-08
23614815.744745	1936.136371	8.008724e-08
23640126.097097	1996.763522	7.856562e-08
23665436.449449	1916.614694	7.559243e-08
23690746.801802	2008.692797	7.951785e-08
23716057.154154	1961.317548	8.150746e-08
23741367.506507	1948.648553	8.180083e-08
23766677.858859	2016.465565	7.786098e-08
23791988.211211	2068.637378	8.126513e-08
23817298.563564	2069.432750	8.007796e-08
23842608.915916	2117.829689	7.536425e-08
23867919.268268	2126.515679	7.840143e-08
23893229.620621	2166.178461	8.147585e-08
23918539.972973	2216.933101	7.735893e-08
23943850.325325	2242.511202	7.665416e-08
23969160.677678	2269.822349	7.671063e-08
23994471.030030	2271.192550	7.931131e-08
24019781.382382	2279.052307	7.731699e-08
24045091.734735	2273.200150	7.773462e-08
24070402.087087	2244.675383	7.803803e-08
24095712.439439	2196.227233	7.808652e-08
24121022.791792	2198.364667	7.338993e-08
24146333.144144	2173.928290	7.734440e-08
24171643.496496	2098.696240	7.234315e-08
24196953.848849	2083.401342	7.370499e-08
24222264.201201	1988.667189	7.915387e-08
24247574.553554	1965.657323	7.753940e-08
24272884.905906	1906.851151	7.393992e-08
24298195.258258	2010.532893	7.947651e-08
24323505.610611	2102.655247	7.158740e-08
24348815.962963	2178.555899	7.551633e-08
24374126.315315	2187.613047	7.310546e-08
24399436.667668	2217.614229	7.665444e-08
24424747.020020	2224.548555	7.111230e-08
24450057.372372	2209.561073	7.609219e-08
24475367.724725	2199.627258	7.360731e-08
24500678.077077	2189.626008	7.901560e-08
24525988.429429	2173.429932	7.661108e-08
24551298.781782	2202.943778	7.204289e-08
24576609.134134	2245.590983	6.947698e-08
24601919.486486	2261.801978	7.017988e-08
24627229.838839	2252.865844	7.073660e-08
24652540.191191	2217.830790	7.383617e-08
24677850.543544	2182.654204	6.814507e-08
24703160.895896	2036.416924	7.393773e-08
24728471.248248	2169.189382	6.806885e-08
24753781.600601	2230.475849	7.056356e-08
24779091.952953	2255.081520	6.668171e-08
24804402.305305	2255.836429	7.013003e-08
24829712.657658	2251.849025	6.743296e-08
24855023.010010	2235.662776	7.390501e-08
24880333.362362	2218.356832	7.035358e-08
24905643.714715	2215.456976	6.781353e-08
24930954.067067	2157.270294	6.971662e-08
24956264.419419	2129.005827	6.847510e-08
24981574.771772	2074.675273	7.224968e-08
25006885.124124	1980.417752	6.206880e-08
25032195.476476	1919.525574	6.811608e-08
25057505.828829	1840.700269	7.122482e-08
25082816.181181	2.689161	1.468424e-04
25108126.533534	12.643791	1.546421e-05
25133436.885886	41.313371	8.283076e-06
25158747.238238	50.252576	8.875088e-06
25184057.590591	37.274226	1.602147e-05
25209367.942943	1.093177	1.138823e-03
25234678.295295	30.495004	2.841877e-05
25259988.647648	2.406569	1.601841e-03
25285299.000000	49.724194	1.355855e-05
